# Forces     
# CofR       : (0.000000e+00 0.000000e+00 0.000000e+00)
# Time       forces(pressure viscous porous) moment(pressure viscous porous)
0.000843109  	((1.417941e+02 2.239275e+02 5.666330e-18) (6.902245e+00 2.395323e-02 -1.873527e-20) (0.000000e+00 0.000000e+00 0.000000e+00)) ((-8.957099e+01 5.671763e+01 2.143559e+03) (-9.581290e-03 2.760898e+00 -5.716749e+00) (0.000000e+00 0.000000e+00 0.000000e+00))
0.00160059   	((8.481220e+02 9.311542e+02 -5.346792e-18) (8.038525e+00 -1.041132e-01 -7.741478e-21) (0.000000e+00 0.000000e+00 0.000000e+00)) ((-3.724617e+02 3.392488e+02 2.187298e+03) (4.164530e-02 3.215410e+00 -7.458243e+00) (0.000000e+00 0.000000e+00 0.000000e+00))
0.00233959   	((8.709789e+02 1.838107e+03 -3.179236e-18) (9.121368e+00 -9.080716e-02 -1.725387e-21) (0.000000e+00 0.000000e+00 0.000000e+00)) ((-7.352428e+02 3.483916e+02 4.070130e+03) (3.632286e-02 3.648547e+00 -8.379474e+00) (0.000000e+00 0.000000e+00 0.000000e+00))
0.00307859   	((8.348379e+02 1.501025e+03 -3.737202e-18) (1.007118e+01 -3.281627e-02 3.285829e-21) (0.000000e+00 0.000000e+00 0.000000e+00)) ((-6.004100e+02 3.339352e+02 3.741406e+03) (1.312651e-02 4.028472e+00 -8.976174e+00) (0.000000e+00 0.000000e+00 0.000000e+00))
0.0038176    	((8.043812e+02 1.133852e+03 -3.667969e-18) (1.086906e+01 1.582185e-03 6.743487e-21) (0.000000e+00 0.000000e+00 0.000000e+00)) ((-4.535409e+02 3.217525e+02 2.794028e+03) (-6.328740e-04 4.347625e+00 -9.492227e+00) (0.000000e+00 0.000000e+00 0.000000e+00))
0.0045566    	((6.907004e+02 1.308070e+03 -3.044798e-18) (1.150591e+01 3.398431e-02 5.943827e-21) (0.000000e+00 0.000000e+00 0.000000e+00)) ((-5.232278e+02 2.762802e+02 3.794899e+03) (-1.359372e-02 4.602363e+00 -9.852498e+00) (0.000000e+00 0.000000e+00 0.000000e+00))
0.00529412   	((6.051237e+02 1.236346e+03 -2.908915e-18) (1.199517e+01 7.692673e-02 5.816721e-21) (0.000000e+00 0.000000e+00 0.000000e+00)) ((-4.945385e+02 2.420495e+02 3.935478e+03) (-3.077069e-02 4.798069e+00 -1.006472e+01) (0.000000e+00 0.000000e+00 0.000000e+00))
0.00602941   	((5.601274e+02 1.122771e+03 4.242060e-18) (1.235465e+01 1.189425e-01 -6.177186e-21) (0.000000e+00 0.000000e+00 0.000000e+00)) ((-4.491084e+02 2.240510e+02 3.942811e+03) (-4.757700e-02 4.941858e+00 -1.017523e+01) (0.000000e+00 0.000000e+00 0.000000e+00))
0.00676471   	((5.043994e+02 9.718561e+02 2.727560e-18) (1.260795e+01 1.545407e-01 -4.552416e-21) (0.000000e+00 0.000000e+00 0.000000e+00)) ((-3.887424e+02 2.017598e+02 3.877538e+03) (-6.181626e-02 5.043180e+00 -1.021788e+01) (0.000000e+00 0.000000e+00 0.000000e+00))
0.0075       	((4.608628e+02 9.103388e+02 1.992593e-18) (1.277901e+01 1.832451e-01 -4.188693e-21) (0.000000e+00 0.000000e+00 0.000000e+00)) ((-3.641355e+02 1.843451e+02 3.976379e+03) (-7.329805e-02 5.111602e+00 -1.022283e+01) (0.000000e+00 0.000000e+00 0.000000e+00))
0.00823529   	((4.155003e+02 8.571340e+02 2.213650e-18) (1.288320e+01 2.067760e-01 -5.343163e-21) (0.000000e+00 0.000000e+00 0.000000e+00)) ((-3.428536e+02 1.662001e+02 3.902394e+03) (-8.271039e-02 5.153281e+00 -1.019741e+01) (0.000000e+00 0.000000e+00 0.000000e+00))
0.00897059   	((3.651447e+02 8.444257e+02 9.242958e-18) (1.293496e+01 2.285982e-01 -1.892372e-20) (0.000000e+00 0.000000e+00 0.000000e+00)) ((-3.377703e+02 1.460579e+02 4.062335e+03) (-9.143928e-02 5.173983e+00 -1.014396e+01) (0.000000e+00 0.000000e+00 0.000000e+00))
0.00970588   	((3.735461e+02 9.762849e+02 3.188163e-18) (1.294667e+01 2.499817e-01 -6.604830e-21) (0.000000e+00 0.000000e+00 0.000000e+00)) ((-3.905139e+02 1.494184e+02 4.624196e+03) (-9.999268e-02 5.178668e+00 -1.007309e+01) (0.000000e+00 0.000000e+00 0.000000e+00))
0.0104412    	((3.220737e+02 9.994255e+02 7.794592e-18) (1.292528e+01 2.701554e-01 -1.676995e-20) (0.000000e+00 0.000000e+00 0.000000e+00)) ((-3.997702e+02 1.288295e+02 4.861465e+03) (-1.080621e-01 5.170112e+00 -9.989088e+00) (0.000000e+00 0.000000e+00 0.000000e+00))
0.0111765    	((2.801983e+02 7.763976e+02 1.564059e-17) (1.287939e+01 2.867058e-01 -3.364203e-20) (0.000000e+00 0.000000e+00 0.000000e+00)) ((-3.105590e+02 1.120793e+02 4.349982e+03) (-1.146823e-01 5.151757e+00 -9.900447e+00) (0.000000e+00 0.000000e+00 0.000000e+00))
0.0119118    	((2.800521e+02 8.403522e+02 9.738705e-18) (1.281853e+01 3.014637e-01 -2.174076e-20) (0.000000e+00 0.000000e+00 0.000000e+00)) ((-3.361409e+02 1.120208e+02 4.702525e+03) (-1.205855e-01 5.127411e+00 -9.807729e+00) (0.000000e+00 0.000000e+00 0.000000e+00))
0.0126471    	((2.286289e+02 8.603676e+02 1.780015e-17) (1.274203e+01 3.143317e-01 -3.963526e-20) (0.000000e+00 0.000000e+00 0.000000e+00)) ((-3.441470e+02 9.145155e+01 4.949031e+03) (-1.257327e-01 5.096812e+00 -9.711304e+00) (0.000000e+00 0.000000e+00 0.000000e+00))
0.0133824    	((2.295113e+02 5.972104e+02 1.730687e-17) (1.265594e+01 3.253195e-01 -3.828336e-20) (0.000000e+00 0.000000e+00 0.000000e+00)) ((-2.388841e+02 9.180454e+01 4.229741e+03) (-1.301278e-01 5.062377e+00 -9.615610e+00) (0.000000e+00 0.000000e+00 0.000000e+00))
0.0141176    	((1.929359e+02 5.831689e+02 1.690581e-17) (1.256157e+01 3.351741e-01 -3.836162e-20) (0.000000e+00 0.000000e+00 0.000000e+00)) ((-2.332676e+02 7.717435e+01 4.385400e+03) (-1.340696e-01 5.024628e+00 -9.518083e+00) (0.000000e+00 0.000000e+00 0.000000e+00))
0.0148529    	((1.664863e+02 6.061104e+02 1.688200e-17) (1.245965e+01 3.446626e-01 -3.953483e-20) (0.000000e+00 0.000000e+00 0.000000e+00)) ((-2.424441e+02 6.659453e+01 4.521692e+03) (-1.378650e-01 4.983862e+00 -9.417600e+00) (0.000000e+00 0.000000e+00 0.000000e+00))
0.0156061    	((1.534296e+02 5.263092e+02 2.277584e-17) (1.235159e+01 3.535838e-01 -5.319698e-20) (0.000000e+00 0.000000e+00 0.000000e+00)) ((-2.105237e+02 6.137184e+01 4.319610e+03) (-1.414335e-01 4.940637e+00 -9.315086e+00) (0.000000e+00 0.000000e+00 0.000000e+00))
0.0163636    	((1.436124e+02 4.049897e+02 2.226546e-17) (1.223822e+01 3.625166e-01 -5.245816e-20) (0.000000e+00 0.000000e+00 0.000000e+00)) ((-1.619959e+02 5.744495e+01 4.130290e+03) (-1.450066e-01 4.895290e+00 -9.209859e+00) (0.000000e+00 0.000000e+00 0.000000e+00))
0.0171212    	((1.275311e+02 1.985874e+02 2.188713e-17) (1.212219e+01 3.714356e-01 -5.191005e-20) (0.000000e+00 0.000000e+00 0.000000e+00)) ((-7.943495e+01 5.101245e+01 3.532229e+03) (-1.485742e-01 4.848878e+00 -9.105608e+00) (0.000000e+00 0.000000e+00 0.000000e+00))
0.0178409    	((1.180865e+02 2.021722e+02 2.184867e-17) (1.200878e+01 3.800661e-01 -5.045962e-20) (0.000000e+00 0.000000e+00 0.000000e+00)) ((-8.086886e+01 4.723462e+01 3.590798e+03) (-1.520264e-01 4.803511e+00 -9.005194e+00) (0.000000e+00 0.000000e+00 0.000000e+00))
0.0185606    	((1.090968e+02 1.955791e+02 2.167628e-17) (1.189369e+01 3.894137e-01 -5.022060e-20) (0.000000e+00 0.000000e+00 0.000000e+00)) ((-7.823166e+01 4.363872e+01 3.664903e+03) (-1.557655e-01 4.757476e+00 -8.901764e+00) (0.000000e+00 0.000000e+00 0.000000e+00))
0.0192803    	((9.432409e+01 1.454683e+02 2.166211e-17) (1.177804e+01 3.976373e-01 -5.033907e-20) (0.000000e+00 0.000000e+00 0.000000e+00)) ((-5.818730e+01 3.772964e+01 3.599745e+03) (-1.590549e-01 4.711215e+00 -8.802403e+00) (0.000000e+00 0.000000e+00 0.000000e+00))
0.02         	((5.505349e+01 3.312899e+01 2.758038e-17) (1.166163e+01 4.059577e-01 -6.415134e-20) (0.000000e+00 0.000000e+00 0.000000e+00)) ((-1.325160e+01 2.202140e+01 3.178572e+03) (-1.623831e-01 4.664653e+00 -8.703147e+00) (0.000000e+00 0.000000e+00 0.000000e+00))
0.0207576    	((1.007593e+02 5.778286e+01 2.747446e-17) (1.154211e+01 4.142480e-01 -6.433826e-20) (0.000000e+00 0.000000e+00 0.000000e+00)) ((-2.311314e+01 4.030371e+01 3.314339e+03) (-1.656992e-01 4.616843e+00 -8.603592e+00) (0.000000e+00 0.000000e+00 0.000000e+00))
0.0215152    	((8.221749e+01 1.396048e+02 2.058143e-17) (1.142521e+01 4.213937e-01 -4.961059e-20) (0.000000e+00 0.000000e+00 0.000000e+00)) ((-5.584194e+01 3.288700e+01 3.525089e+03) (-1.685575e-01 4.570085e+00 -8.512165e+00) (0.000000e+00 0.000000e+00 0.000000e+00))
0.0222727    	((9.116295e+01 1.409075e+02 2.114473e-17) (1.130969e+01 4.289591e-01 -5.049485e-20) (0.000000e+00 0.000000e+00 0.000000e+00)) ((-5.636301e+01 3.646518e+01 3.512618e+03) (-1.715837e-01 4.523876e+00 -8.420736e+00) (0.000000e+00 0.000000e+00 0.000000e+00))
0.0230303    	((1.034734e+02 1.222808e+02 2.970479e-17) (1.119770e+01 4.361193e-01 -6.943216e-20) (0.000000e+00 0.000000e+00 0.000000e+00)) ((-4.891232e+01 4.138934e+01 3.478356e+03) (-1.744477e-01 4.479081e+00 -8.334162e+00) (0.000000e+00 0.000000e+00 0.000000e+00))
0.0237879    	((1.033033e+02 1.876176e+02 2.029210e-17) (1.108687e+01 4.427913e-01 -4.781575e-20) (0.000000e+00 0.000000e+00 0.000000e+00)) ((-7.504706e+01 4.132132e+01 3.586380e+03) (-1.771165e-01 4.434747e+00 -8.250243e+00) (0.000000e+00 0.000000e+00 0.000000e+00))
0.0245455    	((1.291124e+02 4.005875e+02 2.786064e-17) (1.098057e+01 4.501877e-01 -6.451935e-20) (0.000000e+00 0.000000e+00 0.000000e+00)) ((-1.602350e+02 5.164494e+01 4.232671e+03) (-1.800751e-01 4.392226e+00 -8.167978e+00) (0.000000e+00 0.000000e+00 0.000000e+00))
0.025303     	((9.866205e+01 2.752499e+02 2.708676e-17) (1.087601e+01 4.581802e-01 -6.310281e-20) (0.000000e+00 0.000000e+00 0.000000e+00)) ((-1.101000e+02 3.946482e+01 3.738193e+03) (-1.832721e-01 4.350404e+00 -8.084816e+00) (0.000000e+00 0.000000e+00 0.000000e+00))
0.0260606    	((1.545791e+02 3.544590e+02 1.763790e-17) (1.077348e+01 4.659217e-01 -3.999584e-20) (0.000000e+00 0.000000e+00 0.000000e+00)) ((-1.417836e+02 6.183165e+01 4.051332e+03) (-1.863687e-01 4.309390e+00 -8.004027e+00) (0.000000e+00 0.000000e+00 0.000000e+00))
0.0268182    	((1.190676e+02 6.615763e+02 2.545697e-17) (1.067333e+01 4.734908e-01 -5.861757e-20) (0.000000e+00 0.000000e+00 0.000000e+00)) ((-2.646305e+02 4.762705e+01 4.836579e+03) (-1.893963e-01 4.269331e+00 -7.925690e+00) (0.000000e+00 0.000000e+00 0.000000e+00))
0.0275758    	((1.539431e+02 6.866027e+02 2.542339e-17) (1.057466e+01 4.819374e-01 -5.725262e-20) (0.000000e+00 0.000000e+00 0.000000e+00)) ((-2.746411e+02 6.157722e+01 4.911215e+03) (-1.927749e-01 4.229865e+00 -7.846503e+00) (0.000000e+00 0.000000e+00 0.000000e+00))
0.0283333    	((1.598588e+02 6.550824e+02 2.539066e-17) (1.047891e+01 4.894959e-01 -5.688416e-20) (0.000000e+00 0.000000e+00 0.000000e+00)) ((-2.620329e+02 6.394352e+01 4.805543e+03) (-1.957984e-01 4.191565e+00 -7.772973e+00) (0.000000e+00 0.000000e+00 0.000000e+00))
0.0290909    	((1.515165e+02 7.408792e+02 1.788133e-17) (1.038498e+01 4.962593e-01 -3.966594e-20) (0.000000e+00 0.000000e+00 0.000000e+00)) ((-2.963517e+02 6.060660e+01 4.942756e+03) (-1.985037e-01 4.153994e+00 -7.704118e+00) (0.000000e+00 0.000000e+00 0.000000e+00))
0.0298485    	((1.677727e+02 1.097209e+03 2.642537e-17) (1.029258e+01 5.027682e-01 -5.949247e-20) (0.000000e+00 0.000000e+00 0.000000e+00)) ((-4.388835e+02 6.710908e+01 6.084807e+03) (-2.011073e-01 4.117030e+00 -7.638350e+00) (0.000000e+00 0.000000e+00 0.000000e+00))
0.0306061    	((1.627271e+02 1.031136e+03 2.612187e-17) (1.020212e+01 5.093135e-01 -5.848910e-20) (0.000000e+00 0.000000e+00 0.000000e+00)) ((-4.124545e+02 6.509083e+01 5.783558e+03) (-2.037254e-01 4.080847e+00 -7.574833e+00) (0.000000e+00 0.000000e+00 0.000000e+00))
0.0313636    	((1.493240e+02 8.860813e+02 1.795576e-17) (1.011230e+01 5.142263e-01 -3.944703e-20) (0.000000e+00 0.000000e+00 0.000000e+00)) ((-3.544325e+02 5.972960e+01 5.290925e+03) (-2.056905e-01 4.044919e+00 -7.517019e+00) (0.000000e+00 0.000000e+00 0.000000e+00))
0.0321212    	((1.951463e+02 1.216765e+03 1.963837e-17) (1.002673e+01 5.197543e-01 -4.220460e-20) (0.000000e+00 0.000000e+00 0.000000e+00)) ((-4.867062e+02 7.805851e+01 6.343712e+03) (-2.079017e-01 4.010691e+00 -7.460569e+00) (0.000000e+00 0.000000e+00 0.000000e+00))
0.0328788    	((1.443248e+02 1.326228e+03 2.807271e-17) (9.940867e+00 5.259363e-01 -6.244394e-20) (0.000000e+00 0.000000e+00 0.000000e+00)) ((-5.304910e+02 5.772994e+01 6.588166e+03) (-2.103745e-01 3.976347e+00 -7.400969e+00) (0.000000e+00 0.000000e+00 0.000000e+00))
0.0336364    	((1.757991e+02 1.170891e+03 1.998870e-17) (9.859199e+00 5.310973e-01 -4.225503e-20) (0.000000e+00 0.000000e+00 0.000000e+00)) ((-4.683564e+02 7.031963e+01 6.106945e+03) (-2.124389e-01 3.943680e+00 -7.346646e+00) (0.000000e+00 0.000000e+00 0.000000e+00))
0.0343939    	((1.545199e+02 1.417039e+03 2.048987e-17) (9.779763e+00 5.365896e-01 -4.402907e-20) (0.000000e+00 0.000000e+00 0.000000e+00)) ((-5.668155e+02 6.180794e+01 6.813479e+03) (-2.146359e-01 3.911905e+00 -7.291314e+00) (0.000000e+00 0.000000e+00 0.000000e+00))
0.0351515    	((1.589432e+02 1.456410e+03 2.074588e-17) (9.701868e+00 5.421476e-01 -4.459911e-20) (0.000000e+00 0.000000e+00 0.000000e+00)) ((-5.825638e+02 6.357726e+01 6.931714e+03) (-2.168591e-01 3.880747e+00 -7.235414e+00) (0.000000e+00 0.000000e+00 0.000000e+00))
0.0359091    	((1.652715e+02 1.475821e+03 2.120862e-17) (9.627642e+00 5.485500e-01 -4.486299e-20) (0.000000e+00 0.000000e+00 0.000000e+00)) ((-5.903282e+02 6.610859e+01 6.927422e+03) (-2.194200e-01 3.851057e+00 -7.178308e+00) (0.000000e+00 0.000000e+00 0.000000e+00))
0.0366667    	((1.448576e+02 1.469012e+03 2.824560e-17) (9.554382e+00 5.549730e-01 -6.187339e-20) (0.000000e+00 0.000000e+00 0.000000e+00)) ((-5.876047e+02 5.794306e+01 6.912551e+03) (-2.219892e-01 3.821753e+00 -7.120353e+00) (0.000000e+00 0.000000e+00 0.000000e+00))
0.0374242    	((1.418788e+02 1.515069e+03 2.275429e-17) (9.483405e+00 5.604869e-01 -4.976762e-20) (0.000000e+00 0.000000e+00 0.000000e+00)) ((-6.060276e+02 5.675152e+01 7.016758e+03) (-2.241947e-01 3.793362e+00 -7.066531e+00) (0.000000e+00 0.000000e+00 0.000000e+00))
0.0381818    	((1.743343e+02 1.524816e+03 1.774232e-17) (9.416125e+00 5.667535e-01 -3.676820e-20) (0.000000e+00 0.000000e+00 0.000000e+00)) ((-6.099262e+02 6.973371e+01 7.043860e+03) (-2.267014e-01 3.766450e+00 -7.012263e+00) (0.000000e+00 0.000000e+00 0.000000e+00))
0.0389394    	((1.315189e+02 1.586132e+03 2.310401e-17) (9.348587e+00 5.737802e-01 -5.040838e-20) (0.000000e+00 0.000000e+00 0.000000e+00)) ((-6.344529e+02 5.260756e+01 7.190608e+03) (-2.295121e-01 3.739435e+00 -6.954601e+00) (0.000000e+00 0.000000e+00 0.000000e+00))
0.039697     	((1.487722e+02 1.508735e+03 2.310271e-17) (9.283487e+00 5.777381e-01 -5.014530e-20) (0.000000e+00 0.000000e+00 0.000000e+00)) ((-6.034939e+02 5.950888e+01 6.971322e+03) (-2.310952e-01 3.713395e+00 -6.909301e+00) (0.000000e+00 0.000000e+00 0.000000e+00))
0.0404545    	((1.466311e+02 1.467974e+03 2.275360e-17) (9.221304e+00 5.849798e-01 -4.871102e-20) (0.000000e+00 0.000000e+00 0.000000e+00)) ((-5.871894e+02 5.865244e+01 6.818812e+03) (-2.339919e-01 3.688522e+00 -6.854122e+00) (0.000000e+00 0.000000e+00 0.000000e+00))
0.0412121    	((1.400741e+02 1.503851e+03 2.260814e-17) (9.159192e+00 5.899028e-01 -4.899431e-20) (0.000000e+00 0.000000e+00 0.000000e+00)) ((-6.015403e+02 5.602964e+01 6.907364e+03) (-2.359611e-01 3.663677e+00 -6.806521e+00) (0.000000e+00 0.000000e+00 0.000000e+00))
0.0419697    	((1.364609e+02 1.503901e+03 2.249826e-17) (9.099758e+00 5.954027e-01 -4.940176e-20) (0.000000e+00 0.000000e+00 0.000000e+00)) ((-6.015605e+02 5.458437e+01 6.905717e+03) (-2.381611e-01 3.639903e+00 -6.759101e+00) (0.000000e+00 0.000000e+00 0.000000e+00))
0.0427273    	((1.296306e+02 1.499198e+03 2.216108e-17) (9.041156e+00 6.012961e-01 -4.794481e-20) (0.000000e+00 0.000000e+00 0.000000e+00)) ((-5.996793e+02 5.185226e+01 6.852142e+03) (-2.405185e-01 3.616462e+00 -6.710539e+00) (0.000000e+00 0.000000e+00 0.000000e+00))
0.0434848    	((1.321723e+02 1.426380e+03 2.177688e-17) (8.983850e+00 6.064773e-01 -4.723310e-20) (0.000000e+00 0.000000e+00 0.000000e+00)) ((-5.705518e+02 5.286890e+01 6.601899e+03) (-2.425909e-01 3.593540e+00 -6.665011e+00) (0.000000e+00 0.000000e+00 0.000000e+00))
0.0442424    	((1.325133e+02 1.406595e+03 2.164575e-17) (8.928911e+00 6.118621e-01 -4.697035e-20) (0.000000e+00 0.000000e+00 0.000000e+00)) ((-5.626380e+02 5.300532e+01 6.544571e+03) (-2.447448e-01 3.571565e+00 -6.620392e+00) (0.000000e+00 0.000000e+00 0.000000e+00))
0.045        	((1.383928e+02 1.284871e+03 2.123504e-17) (8.874994e+00 6.170271e-01 -4.562742e-20) (0.000000e+00 0.000000e+00 0.000000e+00)) ((-5.139484e+02 5.535714e+01 6.165122e+03) (-2.468109e-01 3.549998e+00 -6.576683e+00) (0.000000e+00 0.000000e+00 0.000000e+00))
0.0457576    	((1.359795e+02 1.288669e+03 2.114843e-17) (8.822490e+00 6.206427e-01 -4.577483e-20) (0.000000e+00 0.000000e+00 0.000000e+00)) ((-5.154676e+02 5.439181e+01 6.165414e+03) (-2.482571e-01 3.528996e+00 -6.539018e+00) (0.000000e+00 0.000000e+00 0.000000e+00))
0.0465152    	((1.180005e+02 1.401589e+03 2.153857e-17) (8.771149e+00 6.269987e-01 -4.640263e-20) (0.000000e+00 0.000000e+00 0.000000e+00)) ((-5.606356e+02 4.720022e+01 6.452836e+03) (-2.507995e-01 3.508460e+00 -6.492742e+00) (0.000000e+00 0.000000e+00 0.000000e+00))
0.0472727    	((1.346872e+02 1.291757e+03 2.242356e-17) (8.720765e+00 6.315756e-01 -4.860102e-20) (0.000000e+00 0.000000e+00 0.000000e+00)) ((-5.167026e+02 5.387489e+01 6.118036e+03) (-2.526303e-01 3.488306e+00 -6.452736e+00) (0.000000e+00 0.000000e+00 0.000000e+00))
0.0480303    	((1.319453e+02 1.206575e+03 2.257316e-17) (8.672484e+00 6.362390e-01 -4.886086e-20) (0.000000e+00 0.000000e+00 0.000000e+00)) ((-4.826300e+02 5.277811e+01 5.861020e+03) (-2.544956e-01 3.468993e+00 -6.413329e+00) (0.000000e+00 0.000000e+00 0.000000e+00))
0.0487879    	((1.225209e+02 1.185363e+03 2.275329e-17) (8.625303e+00 6.403548e-01 -4.950596e-20) (0.000000e+00 0.000000e+00 0.000000e+00)) ((-4.741454e+02 4.900837e+01 5.771101e+03) (-2.561419e-01 3.450121e+00 -6.375879e+00) (0.000000e+00 0.000000e+00 0.000000e+00))
0.0495455    	((1.254499e+02 1.224764e+03 2.324740e-17) (8.579576e+00 6.462199e-01 -5.056949e-20) (0.000000e+00 0.000000e+00 0.000000e+00)) ((-4.899056e+02 5.017994e+01 5.846823e+03) (-2.584879e-01 3.431831e+00 -6.333135e+00) (0.000000e+00 0.000000e+00 0.000000e+00))
0.050303     	((1.195670e+02 1.187028e+03 2.319684e-17) (8.534588e+00 6.504809e-01 -5.094356e-20) (0.000000e+00 0.000000e+00 0.000000e+00)) ((-4.748114e+02 4.782682e+01 5.724150e+03) (-2.601923e-01 3.413835e+00 -6.295372e+00) (0.000000e+00 0.000000e+00 0.000000e+00))
0.0510606    	((1.207349e+02 1.163326e+03 2.302127e-17) (8.491683e+00 6.559188e-01 -4.998588e-20) (0.000000e+00 0.000000e+00 0.000000e+00)) ((-4.653306e+02 4.829397e+01 5.646379e+03) (-2.623675e-01 3.396673e+00 -6.254909e+00) (0.000000e+00 0.000000e+00 0.000000e+00))
0.0518182    	((1.242965e+02 1.127149e+03 2.302612e-17) (8.449235e+00 6.617678e-01 -4.994983e-20) (0.000000e+00 0.000000e+00 0.000000e+00)) ((-4.508596e+02 4.971862e+01 5.498895e+03) (-2.647071e-01 3.379694e+00 -6.211830e+00) (0.000000e+00 0.000000e+00 0.000000e+00))
0.0525758    	((1.264765e+02 1.104608e+03 2.300336e-17) (8.409384e+00 6.669448e-01 -5.027782e-20) (0.000000e+00 0.000000e+00 0.000000e+00)) ((-4.418431e+02 5.059059e+01 5.414641e+03) (-2.667779e-01 3.363753e+00 -6.173137e+00) (0.000000e+00 0.000000e+00 0.000000e+00))
0.0533333    	((1.301797e+02 1.018003e+03 2.244571e-17) (8.370919e+00 6.721457e-01 -4.870332e-20) (0.000000e+00 0.000000e+00 0.000000e+00)) ((-4.072014e+02 5.207187e+01 5.113934e+03) (-2.688583e-01 3.348368e+00 -6.134303e+00) (0.000000e+00 0.000000e+00 0.000000e+00))
0.0540909    	((1.292617e+02 9.970922e+02 2.244049e-17) (8.334003e+00 6.775819e-01 -4.887050e-20) (0.000000e+00 0.000000e+00 0.000000e+00)) ((-3.988369e+02 5.170468e+01 5.045390e+03) (-2.710328e-01 3.333601e+00 -6.094973e+00) (0.000000e+00 0.000000e+00 0.000000e+00))
0.0548485    	((1.272797e+02 1.033301e+03 2.189139e-17) (8.297556e+00 6.830080e-01 -4.771273e-20) (0.000000e+00 0.000000e+00 0.000000e+00)) ((-4.133204e+02 5.091189e+01 5.172214e+03) (-2.732032e-01 3.319022e+00 -6.055335e+00) (0.000000e+00 0.000000e+00 0.000000e+00))
0.0556061    	((1.239577e+02 1.074089e+03 2.211270e-17) (8.263398e+00 6.884634e-01 -4.858303e-20) (0.000000e+00 0.000000e+00 0.000000e+00)) ((-4.296358e+02 4.958307e+01 5.242451e+03) (-2.753854e-01 3.305359e+00 -6.017487e+00) (0.000000e+00 0.000000e+00 0.000000e+00))
0.0563636    	((1.281587e+02 1.084367e+03 2.181345e-17) (8.229442e+00 6.942566e-01 -4.753158e-20) (0.000000e+00 0.000000e+00 0.000000e+00)) ((-4.337467e+02 5.126348e+01 5.257049e+03) (-2.777026e-01 3.291777e+00 -5.978231e+00) (0.000000e+00 0.000000e+00 0.000000e+00))
0.0571212    	((1.279390e+02 1.078296e+03 2.179221e-17) (8.197225e+00 7.000840e-01 -4.811636e-20) (0.000000e+00 0.000000e+00 0.000000e+00)) ((-4.313184e+02 5.117561e+01 5.256415e+03) (-2.800336e-01 3.278890e+00 -5.939603e+00) (0.000000e+00 0.000000e+00 0.000000e+00))
0.0578788    	((1.265453e+02 1.070215e+03 2.177729e-17) (8.166180e+00 7.058742e-01 -4.792140e-20) (0.000000e+00 0.000000e+00 0.000000e+00)) ((-4.280859e+02 5.061813e+01 5.232019e+03) (-2.823497e-01 3.266472e+00 -5.901775e+00) (0.000000e+00 0.000000e+00 0.000000e+00))
0.0586364    	((1.227188e+02 1.036798e+03 2.159885e-17) (8.135340e+00 7.117024e-01 -4.738668e-20) (0.000000e+00 0.000000e+00 0.000000e+00)) ((-4.147193e+02 4.908753e+01 5.111162e+03) (-2.846809e-01 3.254136e+00 -5.863005e+00) (0.000000e+00 0.000000e+00 0.000000e+00))
0.0593939    	((1.272117e+02 1.006628e+03 2.156062e-17) (8.106679e+00 7.171573e-01 -4.761088e-20) (0.000000e+00 0.000000e+00 0.000000e+00)) ((-4.026512e+02 5.088468e+01 5.021359e+03) (-2.868629e-01 3.242672e+00 -5.827733e+00) (0.000000e+00 0.000000e+00 0.000000e+00))
0.0601515    	((1.282881e+02 1.002922e+03 2.161674e-17) (8.078796e+00 7.222794e-01 -4.779762e-20) (0.000000e+00 0.000000e+00 0.000000e+00)) ((-4.011687e+02 5.131524e+01 5.001578e+03) (-2.889117e-01 3.231518e+00 -5.793668e+00) (0.000000e+00 0.000000e+00 0.000000e+00))
0.0609091    	((1.290397e+02 9.798236e+02 2.164676e-17) (8.051884e+00 7.281807e-01 -4.812155e-20) (0.000000e+00 0.000000e+00 0.000000e+00)) ((-3.919294e+02 5.161588e+01 4.905346e+03) (-2.912723e-01 3.220754e+00 -5.757518e+00) (0.000000e+00 0.000000e+00 0.000000e+00))
0.0616667    	((1.267784e+02 9.712872e+02 2.165141e-17) (8.025837e+00 7.326494e-01 -4.829898e-20) (0.000000e+00 0.000000e+00 0.000000e+00)) ((-3.885149e+02 5.071136e+01 4.889016e+03) (-2.930598e-01 3.210335e+00 -5.726858e+00) (0.000000e+00 0.000000e+00 0.000000e+00))
0.0624242    	((1.259685e+02 9.744860e+02 2.175330e-17) (8.001002e+00 7.382588e-01 -4.858364e-20) (0.000000e+00 0.000000e+00 0.000000e+00)) ((-3.897944e+02 5.038738e+01 4.900436e+03) (-2.953035e-01 3.200401e+00 -5.693588e+00) (0.000000e+00 0.000000e+00 0.000000e+00))
0.0631818    	((1.213193e+02 9.806144e+02 2.176710e-17) (7.976549e+00 7.433525e-01 -4.835598e-20) (0.000000e+00 0.000000e+00 0.000000e+00)) ((-3.922458e+02 4.852770e+01 4.928621e+03) (-2.973410e-01 3.190620e+00 -5.662318e+00) (0.000000e+00 0.000000e+00 0.000000e+00))
0.0639394    	((1.207810e+02 9.886496e+02 2.182204e-17) (7.952657e+00 7.469568e-01 -4.899558e-20) (0.000000e+00 0.000000e+00 0.000000e+00)) ((-3.954598e+02 4.831242e+01 4.959755e+03) (-2.987827e-01 3.181063e+00 -5.636634e+00) (0.000000e+00 0.000000e+00 0.000000e+00))
0.064697     	((1.200593e+02 9.901320e+02 2.189152e-17) (7.928775e+00 7.530071e-01 -4.944213e-20) (0.000000e+00 0.000000e+00 0.000000e+00)) ((-3.960528e+02 4.802372e+01 4.956720e+03) (-3.012028e-01 3.171510e+00 -5.602554e+00) (0.000000e+00 0.000000e+00 0.000000e+00))
0.0654545    	((1.188873e+02 9.954520e+02 2.195202e-17) (7.907061e+00 7.568912e-01 -4.916370e-20) (0.000000e+00 0.000000e+00 0.000000e+00)) ((-3.981808e+02 4.755491e+01 4.964031e+03) (-3.027565e-01 3.162824e+00 -5.579022e+00) (0.000000e+00 0.000000e+00 0.000000e+00))
0.0662121    	((1.186872e+02 9.949418e+02 2.211187e-17) (7.885654e+00 7.599475e-01 -4.999244e-20) (0.000000e+00 0.000000e+00 0.000000e+00)) ((-3.979767e+02 4.747489e+01 4.957328e+03) (-3.039790e-01 3.154262e+00 -5.558351e+00) (0.000000e+00 0.000000e+00 0.000000e+00))
0.0669697    	((1.175057e+02 9.880177e+02 2.214984e-17) (7.864723e+00 7.645789e-01 -5.002174e-20) (0.000000e+00 0.000000e+00 0.000000e+00)) ((-3.952071e+02 4.700227e+01 4.942460e+03) (-3.058316e-01 3.145889e+00 -5.533015e+00) (0.000000e+00 0.000000e+00 0.000000e+00))
0.0677273    	((1.159861e+02 9.824199e+02 2.217562e-17) (7.843613e+00 7.685862e-01 -4.986707e-20) (0.000000e+00 0.000000e+00 0.000000e+00)) ((-3.929679e+02 4.639444e+01 4.927669e+03) (-3.074345e-01 3.137445e+00 -5.509683e+00) (0.000000e+00 0.000000e+00 0.000000e+00))
0.0684848    	((8.825167e+01 7.703168e+02 2.946116e-17) (7.823784e+00 7.712602e-01 -6.897741e-20) (0.000000e+00 0.000000e+00 0.000000e+00)) ((-3.081267e+02 3.530067e+01 4.346959e+03) (-3.085041e-01 3.129514e+00 -5.492694e+00) (0.000000e+00 0.000000e+00 0.000000e+00))
0.0692424    	((1.361169e+02 9.838132e+02 1.288195e-17) (7.803557e+00 7.745657e-01 -2.670496e-20) (0.000000e+00 0.000000e+00 0.000000e+00)) ((-3.935253e+02 5.444677e+01 4.941603e+03) (-3.098263e-01 3.121423e+00 -5.472426e+00) (0.000000e+00 0.000000e+00 0.000000e+00))
0.07         	((1.075366e+02 9.760263e+02 3.197677e-17) (7.785409e+00 7.771602e-01 -7.461681e-20) (0.000000e+00 0.000000e+00 0.000000e+00)) ((-3.904105e+02 4.301465e+01 4.920957e+03) (-3.108641e-01 3.114164e+00 -5.457621e+00) (0.000000e+00 0.000000e+00 0.000000e+00))
0.0707576    	((9.694370e+01 8.925777e+02 2.023371e-17) (7.765606e+00 7.804486e-01 -4.610300e-20) (0.000000e+00 0.000000e+00 0.000000e+00)) ((-3.570311e+02 3.877748e+01 4.669808e+03) (-3.121794e-01 3.106242e+00 -5.438555e+00) (0.000000e+00 0.000000e+00 0.000000e+00))
0.0715152    	((1.079843e+02 8.957696e+02 1.981163e-17) (7.746866e+00 7.823772e-01 -4.482995e-20) (0.000000e+00 0.000000e+00 0.000000e+00)) ((-3.583079e+02 4.319374e+01 4.674391e+03) (-3.129509e-01 3.098746e+00 -5.425287e+00) (0.000000e+00 0.000000e+00 0.000000e+00))
0.0722727    	((1.282349e+02 9.094865e+02 2.021937e-17) (7.729713e+00 7.851233e-01 -4.540276e-20) (0.000000e+00 0.000000e+00 0.000000e+00)) ((-3.637946e+02 5.129397e+01 4.759434e+03) (-3.140493e-01 3.091885e+00 -5.410992e+00) (0.000000e+00 0.000000e+00 0.000000e+00))
0.0730303    	((1.246594e+02 9.062127e+02 2.037990e-17) (7.713586e+00 7.869835e-01 -4.571264e-20) (0.000000e+00 0.000000e+00 0.000000e+00)) ((-3.624851e+02 4.986377e+01 4.700207e+03) (-3.147934e-01 3.085435e+00 -5.400331e+00) (0.000000e+00 0.000000e+00 0.000000e+00))
0.0737879    	((7.823417e+01 9.291755e+02 2.775646e-17) (7.693920e+00 7.895317e-01 -6.503907e-20) (0.000000e+00 0.000000e+00 0.000000e+00)) ((-3.716702e+02 3.129367e+01 4.766798e+03) (-3.158127e-01 3.077568e+00 -5.384477e+00) (0.000000e+00 0.000000e+00 0.000000e+00))
0.0745455    	((1.322837e+02 7.986742e+02 1.931074e-17) (7.678456e+00 7.906291e-01 -4.307490e-20) (0.000000e+00 0.000000e+00 0.000000e+00)) ((-3.194697e+02 5.291350e+01 4.430171e+03) (-3.162516e-01 3.071382e+00 -5.376829e+00) (0.000000e+00 0.000000e+00 0.000000e+00))
0.075303     	((8.864024e+01 9.271087e+02 2.007971e-17) (7.662198e+00 7.926823e-01 -4.601973e-20) (0.000000e+00 0.000000e+00 0.000000e+00)) ((-3.708435e+02 3.545610e+01 4.709313e+03) (-3.170729e-01 3.064879e+00 -5.364986e+00) (0.000000e+00 0.000000e+00 0.000000e+00))
0.0760606    	((8.935313e+01 9.654809e+02 2.048383e-17) (7.645168e+00 7.944788e-01 -4.744737e-20) (0.000000e+00 0.000000e+00 0.000000e+00)) ((-3.861924e+02 3.574125e+01 4.860054e+03) (-3.177915e-01 3.058067e+00 -5.354583e+00) (0.000000e+00 0.000000e+00 0.000000e+00))
0.0768182    	((1.120922e+02 8.829442e+02 2.919107e-17) (7.628770e+00 7.961826e-01 -6.797257e-20) (0.000000e+00 0.000000e+00 0.000000e+00)) ((-3.531777e+02 4.483686e+01 4.698652e+03) (-3.184731e-01 3.051508e+00 -5.343778e+00) (0.000000e+00 0.000000e+00 0.000000e+00))
0.0775758    	((9.891811e+01 8.029936e+02 2.113386e-17) (7.614101e+00 7.971063e-01 -4.853874e-20) (0.000000e+00 0.000000e+00 0.000000e+00)) ((-3.211974e+02 3.956724e+01 4.313988e+03) (-3.188425e-01 3.045640e+00 -5.337547e+00) (0.000000e+00 0.000000e+00 0.000000e+00))
0.0783333    	((1.017858e+02 8.451296e+02 2.083532e-17) (7.598443e+00 7.993114e-01 -4.783430e-20) (0.000000e+00 0.000000e+00 0.000000e+00)) ((-3.380518e+02 4.071433e+01 4.524187e+03) (-3.197246e-01 3.039377e+00 -5.325760e+00) (0.000000e+00 0.000000e+00 0.000000e+00))
0.0790909    	((1.187330e+02 8.832778e+02 2.112792e-17) (7.584239e+00 7.997806e-01 -4.861855e-20) (0.000000e+00 0.000000e+00 0.000000e+00)) ((-3.533111e+02 4.749320e+01 4.658951e+03) (-3.199123e-01 3.033695e+00 -5.320509e+00) (0.000000e+00 0.000000e+00 0.000000e+00))
0.0798485    	((1.124180e+02 8.926578e+02 2.113688e-17) (7.570506e+00 8.021621e-01 -4.820437e-20) (0.000000e+00 0.000000e+00 0.000000e+00)) ((-3.570631e+02 4.496722e+01 4.623345e+03) (-3.208648e-01 3.028202e+00 -5.310094e+00) (0.000000e+00 0.000000e+00 0.000000e+00))
0.0806061    	((1.112493e+02 8.928969e+02 2.116660e-17) (7.555778e+00 8.033257e-01 -4.861146e-20) (0.000000e+00 0.000000e+00 0.000000e+00)) ((-3.571588e+02 4.449974e+01 4.617234e+03) (-3.213303e-01 3.022311e+00 -5.302017e+00) (0.000000e+00 0.000000e+00 0.000000e+00))
0.0813636    	((6.248562e+01 8.687455e+02 2.942955e-17) (7.540698e+00 8.050172e-01 -7.052252e-20) (0.000000e+00 0.000000e+00 0.000000e+00)) ((-3.474982e+02 2.499425e+01 4.510411e+03) (-3.220069e-01 3.016279e+00 -5.291477e+00) (0.000000e+00 0.000000e+00 0.000000e+00))
0.0821212    	((6.631489e+01 8.606542e+02 2.937454e-17) (7.525172e+00 8.074277e-01 -6.999245e-20) (0.000000e+00 0.000000e+00 0.000000e+00)) ((-3.442617e+02 2.652596e+01 4.511577e+03) (-3.229711e-01 3.010069e+00 -5.278463e+00) (0.000000e+00 0.000000e+00 0.000000e+00))
0.0828788    	((6.475369e+01 9.903100e+02 2.743788e-17) (7.514483e+00 8.068986e-01 -6.555870e-20) (0.000000e+00 0.000000e+00 0.000000e+00)) ((-3.961240e+02 2.590148e+01 4.854086e+03) (-3.227594e-01 3.005793e+00 -5.278482e+00) (0.000000e+00 0.000000e+00 0.000000e+00))
0.0836364    	((1.165238e+02 7.484905e+02 2.647444e-17) (7.499407e+00 8.088618e-01 -6.162245e-20) (0.000000e+00 0.000000e+00 0.000000e+00)) ((-2.993962e+02 4.660951e+01 4.197126e+03) (-3.235447e-01 2.999763e+00 -5.267351e+00) (0.000000e+00 0.000000e+00 0.000000e+00))
0.0843939    	((1.100206e+02 8.445143e+02 1.316430e-17) (7.487092e+00 8.095500e-01 -2.936032e-20) (0.000000e+00 0.000000e+00 0.000000e+00)) ((-3.378057e+02 4.400825e+01 4.440819e+03) (-3.238200e-01 2.994837e+00 -5.261498e+00) (0.000000e+00 0.000000e+00 0.000000e+00))
0.0851515    	((1.079619e+02 8.875123e+02 1.376214e-17) (7.474195e+00 8.101613e-01 -3.068655e-20) (0.000000e+00 0.000000e+00 0.000000e+00)) ((-3.550049e+02 4.318476e+01 4.558236e+03) (-3.240645e-01 2.989678e+00 -5.256303e+00) (0.000000e+00 0.000000e+00 0.000000e+00))
0.0859091    	((9.141057e+01 8.023381e+02 2.098165e-17) (7.461212e+00 8.119188e-01 -4.926600e-20) (0.000000e+00 0.000000e+00 0.000000e+00)) ((-3.209353e+02 3.656423e+01 4.287194e+03) (-3.247675e-01 2.984485e+00 -5.247422e+00) (0.000000e+00 0.000000e+00 0.000000e+00))
0.0866667    	((9.191258e+01 8.092068e+02 2.087405e-17) (7.447880e+00 8.126095e-01 -4.873974e-20) (0.000000e+00 0.000000e+00 0.000000e+00)) ((-3.236827e+02 3.676503e+01 4.326889e+03) (-3.250438e-01 2.979152e+00 -5.241200e+00) (0.000000e+00 0.000000e+00 0.000000e+00))
0.0874242    	((1.197649e+02 9.049473e+02 2.113499e-17) (7.435585e+00 8.132798e-01 -4.816250e-20) (0.000000e+00 0.000000e+00 0.000000e+00)) ((-3.619789e+02 4.790595e+01 4.604870e+03) (-3.253119e-01 2.974234e+00 -5.235707e+00) (0.000000e+00 0.000000e+00 0.000000e+00))
0.0881818    	((1.223606e+02 9.124481e+02 2.122070e-17) (7.424428e+00 8.138745e-01 -4.947250e-20) (0.000000e+00 0.000000e+00 0.000000e+00)) ((-3.649792e+02 4.894424e+01 4.612526e+03) (-3.255498e-01 2.969771e+00 -5.232149e+00) (0.000000e+00 0.000000e+00 0.000000e+00))
0.0889394    	((1.081971e+02 9.028316e+02 2.115030e-17) (7.412452e+00 8.153163e-01 -4.902285e-20) (0.000000e+00 0.000000e+00 0.000000e+00)) ((-3.611327e+02 4.327883e+01 4.570456e+03) (-3.261265e-01 2.964981e+00 -5.225101e+00) (0.000000e+00 0.000000e+00 0.000000e+00))
0.089697     	((8.812963e+01 7.988575e+02 2.171197e-17) (7.399737e+00 8.147766e-01 -5.154048e-20) (0.000000e+00 0.000000e+00 0.000000e+00)) ((-3.195430e+02 3.525185e+01 4.284075e+03) (-3.259107e-01 2.959895e+00 -5.223920e+00) (0.000000e+00 0.000000e+00 0.000000e+00))
0.0904545    	((1.147794e+02 8.180432e+02 2.766790e-17) (7.388207e+00 8.149557e-01 -6.472679e-20) (0.000000e+00 0.000000e+00 0.000000e+00)) ((-3.272173e+02 4.591178e+01 4.321506e+03) (-3.259823e-01 2.955283e+00 -5.221147e+00) (0.000000e+00 0.000000e+00 0.000000e+00))
0.0912121    	((9.327097e+01 9.008591e+02 1.829923e-17) (7.377008e+00 8.152810e-01 -4.272862e-20) (0.000000e+00 0.000000e+00 0.000000e+00)) ((-3.603437e+02 3.730839e+01 4.528940e+03) (-3.261124e-01 2.950803e+00 -5.218314e+00) (0.000000e+00 0.000000e+00 0.000000e+00))
0.0919697    	((9.518464e+01 9.024275e+02 1.819615e-17) (7.365531e+00 8.158454e-01 -4.251516e-20) (0.000000e+00 0.000000e+00 0.000000e+00)) ((-3.609710e+02 3.807386e+01 4.553815e+03) (-3.263382e-01 2.946212e+00 -5.215387e+00) (0.000000e+00 0.000000e+00 0.000000e+00))
0.0927273    	((1.321557e+02 8.539156e+02 1.895847e-17) (7.355558e+00 8.150563e-01 -4.339922e-20) (0.000000e+00 0.000000e+00 0.000000e+00)) ((-3.415662e+02 5.286227e+01 4.455131e+03) (-3.260225e-01 2.942223e+00 -5.217774e+00) (0.000000e+00 0.000000e+00 0.000000e+00))
0.0934848    	((1.243507e+02 7.343677e+02 2.164005e-17) (7.344276e+00 8.154659e-01 -5.001683e-20) (0.000000e+00 0.000000e+00 0.000000e+00)) ((-2.937471e+02 4.974029e+01 4.067629e+03) (-3.261864e-01 2.937710e+00 -5.214537e+00) (0.000000e+00 0.000000e+00 0.000000e+00))
0.0942424    	((9.983770e+01 9.116373e+02 2.103609e-17) (7.333987e+00 8.153987e-01 -4.925982e-20) (0.000000e+00 0.000000e+00 0.000000e+00)) ((-3.646549e+02 3.993508e+01 4.558544e+03) (-3.261595e-01 2.933595e+00 -5.214031e+00) (0.000000e+00 0.000000e+00 0.000000e+00))
0.095        	((9.582733e+01 8.971335e+02 2.069928e-17) (7.322639e+00 8.152229e-01 -4.859081e-20) (0.000000e+00 0.000000e+00 0.000000e+00)) ((-3.588534e+02 3.833093e+01 4.500030e+03) (-3.260892e-01 2.929056e+00 -5.213688e+00) (0.000000e+00 0.000000e+00 0.000000e+00))
0.0957576    	((1.270113e+02 7.707196e+02 2.084498e-17) (7.312560e+00 8.154195e-01 -4.798903e-20) (0.000000e+00 0.000000e+00 0.000000e+00)) ((-3.082878e+02 5.080450e+01 4.171344e+03) (-3.261678e-01 2.925024e+00 -5.212434e+00) (0.000000e+00 0.000000e+00 0.000000e+00))
0.0965152    	((1.253452e+02 7.307299e+02 2.076293e-17) (7.303369e+00 8.155488e-01 -4.797913e-20) (0.000000e+00 0.000000e+00 0.000000e+00)) ((-2.922919e+02 5.013808e+01 4.013203e+03) (-3.262195e-01 2.921348e+00 -5.211027e+00) (0.000000e+00 0.000000e+00 0.000000e+00))
0.0972727    	((5.773106e+01 8.901581e+02 2.236202e-17) (7.292586e+00 8.147291e-01 -5.395001e-20) (0.000000e+00 0.000000e+00 0.000000e+00)) ((-3.560632e+02 2.309242e+01 4.437641e+03) (-3.258917e-01 2.917034e+00 -5.212252e+00) (0.000000e+00 0.000000e+00 0.000000e+00))
0.0980303    	((1.096741e+02 8.681458e+02 2.377828e-17) (7.281690e+00 8.140627e-01 -5.599130e-20) (0.000000e+00 0.000000e+00 0.000000e+00)) ((-3.472583e+02 4.386966e+01 4.447692e+03) (-3.256251e-01 2.912676e+00 -5.213221e+00) (0.000000e+00 0.000000e+00 0.000000e+00))
0.0987879    	((1.113913e+02 8.536719e+02 2.374691e-17) (7.272804e+00 8.143258e-01 -5.541508e-20) (0.000000e+00 0.000000e+00 0.000000e+00)) ((-3.414687e+02 4.455653e+01 4.396361e+03) (-3.257303e-01 2.909122e+00 -5.212929e+00) (0.000000e+00 0.000000e+00 0.000000e+00))
0.0995455    	((9.894876e+01 7.014293e+02 2.338786e-17) (7.263705e+00 8.139156e-01 -5.444057e-20) (0.000000e+00 0.000000e+00 0.000000e+00)) ((-2.805717e+02 3.957950e+01 3.842118e+03) (-3.255662e-01 2.905482e+00 -5.213629e+00) (0.000000e+00 0.000000e+00 0.000000e+00))
0.100303     	((9.506168e+01 6.987223e+02 2.320956e-17) (7.253806e+00 8.122254e-01 -5.471939e-20) (0.000000e+00 0.000000e+00 0.000000e+00)) ((-2.794889e+02 3.802467e+01 3.867673e+03) (-3.248902e-01 2.901523e+00 -5.217739e+00) (0.000000e+00 0.000000e+00 0.000000e+00))
0.101061     	((1.278577e+02 8.820051e+02 1.657390e-17) (7.243897e+00 8.129634e-01 -3.773313e-20) (0.000000e+00 0.000000e+00 0.000000e+00)) ((-3.528020e+02 5.114307e+01 4.504665e+03) (-3.251854e-01 2.897559e+00 -5.213014e+00) (0.000000e+00 0.000000e+00 0.000000e+00))
0.101818     	((9.283147e+01 8.514500e+02 2.438606e-17) (7.234756e+00 8.126376e-01 -5.809309e-20) (0.000000e+00 0.000000e+00 0.000000e+00)) ((-3.405800e+02 3.713259e+01 4.267719e+03) (-3.250550e-01 2.893902e+00 -5.213934e+00) (0.000000e+00 0.000000e+00 0.000000e+00))
0.102576     	((1.057858e+02 7.106199e+02 2.422351e-17) (7.224972e+00 8.124040e-01 -5.650756e-20) (0.000000e+00 0.000000e+00 0.000000e+00)) ((-2.842480e+02 4.231432e+01 3.931646e+03) (-3.249616e-01 2.889989e+00 -5.213775e+00) (0.000000e+00 0.000000e+00 0.000000e+00))
0.103333     	((1.086972e+02 7.043977e+02 2.416539e-17) (7.215649e+00 8.122736e-01 -5.688579e-20) (0.000000e+00 0.000000e+00 0.000000e+00)) ((-2.817591e+02 4.347888e+01 3.937391e+03) (-3.249095e-01 2.886260e+00 -5.212605e+00) (0.000000e+00 0.000000e+00 0.000000e+00))
0.104091     	((1.111215e+02 7.101816e+02 2.414300e-17) (7.206625e+00 8.118443e-01 -5.677773e-20) (0.000000e+00 0.000000e+00 0.000000e+00)) ((-2.840726e+02 4.444862e+01 3.940781e+03) (-3.247377e-01 2.882650e+00 -5.212260e+00) (0.000000e+00 0.000000e+00 0.000000e+00))
0.104848     	((1.018561e+02 8.454900e+02 1.496359e-17) (7.196810e+00 8.115915e-01 -3.375722e-20) (0.000000e+00 0.000000e+00 0.000000e+00)) ((-3.381960e+02 4.074243e+01 4.266966e+03) (-3.246366e-01 2.878724e+00 -5.211231e+00) (0.000000e+00 0.000000e+00 0.000000e+00))
0.105606     	((1.240984e+02 8.229736e+02 2.397174e-17) (7.189141e+00 8.125775e-01 -5.550473e-20) (0.000000e+00 0.000000e+00 0.000000e+00)) ((-3.291895e+02 4.963937e+01 4.275184e+03) (-3.250310e-01 2.875656e+00 -5.208960e+00) (0.000000e+00 0.000000e+00 0.000000e+00))
0.106364     	((1.002701e+02 7.244818e+02 2.392163e-17) (7.179207e+00 8.128145e-01 -5.603004e-20) (0.000000e+00 0.000000e+00 0.000000e+00)) ((-2.897927e+02 4.010804e+01 3.965963e+03) (-3.251258e-01 2.871683e+00 -5.206702e+00) (0.000000e+00 0.000000e+00 0.000000e+00))
0.107121     	((9.824463e+01 7.177464e+02 2.379917e-17) (7.169446e+00 8.130790e-01 -5.616469e-20) (0.000000e+00 0.000000e+00 0.000000e+00)) ((-2.870986e+02 3.929785e+01 3.931427e+03) (-3.252316e-01 2.867778e+00 -5.204753e+00) (0.000000e+00 0.000000e+00 0.000000e+00))
0.107879     	((9.764243e+01 7.388198e+02 2.356279e-17) (7.160504e+00 8.133712e-01 -5.504579e-20) (0.000000e+00 0.000000e+00 0.000000e+00)) ((-2.955279e+02 3.905697e+01 3.987845e+03) (-3.253485e-01 2.864201e+00 -5.204064e+00) (0.000000e+00 0.000000e+00 0.000000e+00))
0.108636     	((1.492895e+02 8.311940e+02 1.334751e-17) (7.151777e+00 8.144007e-01 -2.818896e-20) (0.000000e+00 0.000000e+00 0.000000e+00)) ((-3.324776e+02 5.971578e+01 4.285184e+03) (-3.257603e-01 2.860711e+00 -5.200527e+00) (0.000000e+00 0.000000e+00 0.000000e+00))
0.109394     	((8.136956e+01 8.246707e+02 2.573370e-17) (7.144428e+00 8.144743e-01 -6.150140e-20) (0.000000e+00 0.000000e+00 0.000000e+00)) ((-3.298683e+02 3.254782e+01 4.237415e+03) (-3.257897e-01 2.857771e+00 -5.201607e+00) (0.000000e+00 0.000000e+00 0.000000e+00))
0.110152     	((9.875220e+01 7.245664e+02 2.541174e-17) (7.134260e+00 8.154951e-01 -6.047603e-20) (0.000000e+00 0.000000e+00 0.000000e+00)) ((-2.898266e+02 3.950088e+01 3.974344e+03) (-3.261980e-01 2.853704e+00 -5.196382e+00) (0.000000e+00 0.000000e+00 0.000000e+00))
0.110909     	((1.125541e+02 6.715993e+02 2.530336e-17) (7.125576e+00 8.150219e-01 -5.959037e-20) (0.000000e+00 0.000000e+00 0.000000e+00)) ((-2.686397e+02 4.502163e+01 3.842373e+03) (-3.260088e-01 2.850230e+00 -5.196074e+00) (0.000000e+00 0.000000e+00 0.000000e+00))
0.111667     	((1.225485e+02 7.250454e+02 1.852629e-17) (7.118601e+00 8.156022e-01 -4.211715e-20) (0.000000e+00 0.000000e+00 0.000000e+00)) ((-2.900181e+02 4.901941e+01 3.947702e+03) (-3.262409e-01 2.847441e+00 -5.193156e+00) (0.000000e+00 0.000000e+00 0.000000e+00))
0.112424     	((9.460166e+01 9.236802e+02 2.594440e-17) (7.109791e+00 8.159948e-01 -6.187535e-20) (0.000000e+00 0.000000e+00 0.000000e+00)) ((-3.694721e+02 3.784067e+01 4.572111e+03) (-3.263979e-01 2.843916e+00 -5.189272e+00) (0.000000e+00 0.000000e+00 0.000000e+00))
0.113182     	((9.622767e+01 9.189476e+02 2.605674e-17) (7.100158e+00 8.178653e-01 -6.187879e-20) (0.000000e+00 0.000000e+00 0.000000e+00)) ((-3.675790e+02 3.849107e+01 4.568822e+03) (-3.271461e-01 2.840063e+00 -5.180633e+00) (0.000000e+00 0.000000e+00 0.000000e+00))
0.113939     	((1.319745e+02 5.758999e+02 1.737180e-17) (7.093933e+00 8.159666e-01 -3.907066e-20) (0.000000e+00 0.000000e+00 0.000000e+00)) ((-2.303599e+02 5.278978e+01 3.519414e+03) (-3.263866e-01 2.837573e+00 -5.185550e+00) (0.000000e+00 0.000000e+00 0.000000e+00))
0.114697     	((8.148055e+01 9.971166e+02 2.657194e-17) (7.084743e+00 8.165084e-01 -6.365910e-20) (0.000000e+00 0.000000e+00 0.000000e+00)) ((-3.988466e+02 3.259222e+01 4.788339e+03) (-3.266034e-01 2.833897e+00 -5.180540e+00) (0.000000e+00 0.000000e+00 0.000000e+00))
0.115455     	((1.160982e+02 8.315087e+02 2.621547e-17) (7.076022e+00 8.178387e-01 -6.189474e-20) (0.000000e+00 0.000000e+00 0.000000e+00)) ((-3.326035e+02 4.643926e+01 4.281290e+03) (-3.271355e-01 2.830409e+00 -5.174532e+00) (0.000000e+00 0.000000e+00 0.000000e+00))
0.116212     	((1.066087e+02 7.275093e+02 1.632770e-17) (7.068941e+00 8.172654e-01 -3.716306e-20) (0.000000e+00 0.000000e+00 0.000000e+00)) ((-2.910037e+02 4.264350e+01 3.991930e+03) (-3.269062e-01 2.827576e+00 -5.174632e+00) (0.000000e+00 0.000000e+00 0.000000e+00))
0.11697      	((1.109220e+02 9.150870e+02 2.286753e-17) (7.061089e+00 8.179629e-01 -5.378699e-20) (0.000000e+00 0.000000e+00 0.000000e+00)) ((-3.660348e+02 4.436879e+01 4.565241e+03) (-3.271852e-01 2.824436e+00 -5.169994e+00) (0.000000e+00 0.000000e+00 0.000000e+00))
0.117727     	((1.117057e+02 9.005369e+02 2.289949e-17) (7.053032e+00 8.185608e-01 -5.341616e-20) (0.000000e+00 0.000000e+00 0.000000e+00)) ((-3.602148e+02 4.468227e+01 4.499594e+03) (-3.274243e-01 2.821213e+00 -5.166729e+00) (0.000000e+00 0.000000e+00 0.000000e+00))
0.118485     	((1.113967e+02 8.725349e+02 2.289261e-17) (7.045430e+00 8.188928e-01 -5.340528e-20) (0.000000e+00 0.000000e+00 0.000000e+00)) ((-3.490140e+02 4.455867e+01 4.417075e+03) (-3.275571e-01 2.818172e+00 -5.164447e+00) (0.000000e+00 0.000000e+00 0.000000e+00))
0.119242     	((1.121204e+02 6.667456e+02 2.267653e-17) (7.038144e+00 8.197368e-01 -5.301076e-20) (0.000000e+00 0.000000e+00 0.000000e+00)) ((-2.666983e+02 4.484817e+01 3.789378e+03) (-3.278947e-01 2.815258e+00 -5.158712e+00) (0.000000e+00 0.000000e+00 0.000000e+00))
0.12         	((1.089242e+02 7.032739e+02 2.266466e-17) (7.030702e+00 8.188486e-01 -5.310899e-20) (0.000000e+00 0.000000e+00 0.000000e+00)) ((-2.813095e+02 4.356969e+01 3.933897e+03) (-3.275395e-01 2.812281e+00 -5.158740e+00) (0.000000e+00 0.000000e+00 0.000000e+00))
0.120758     	((1.116976e+02 9.495416e+02 2.327174e-17) (7.022880e+00 8.205961e-01 -5.511913e-20) (0.000000e+00 0.000000e+00 0.000000e+00)) ((-3.798166e+02 4.467906e+01 4.695343e+03) (-3.282385e-01 2.809152e+00 -5.149747e+00) (0.000000e+00 0.000000e+00 0.000000e+00))
0.121515     	((1.083649e+02 9.644564e+02 2.308347e-17) (7.015985e+00 8.209414e-01 -5.380235e-20) (0.000000e+00 0.000000e+00 0.000000e+00)) ((-3.857826e+02 4.334597e+01 4.699708e+03) (-3.283765e-01 2.806394e+00 -5.148059e+00) (0.000000e+00 0.000000e+00 0.000000e+00))
0.122273     	((1.074366e+02 8.932588e+02 2.278611e-17) (7.008141e+00 8.220058e-01 -5.303460e-20) (0.000000e+00 0.000000e+00 0.000000e+00)) ((-3.573035e+02 4.297465e+01 4.478106e+03) (-3.288023e-01 2.803257e+00 -5.142308e+00) (0.000000e+00 0.000000e+00 0.000000e+00))
0.12303      	((1.177497e+02 5.824340e+02 2.154846e-17) (7.002177e+00 8.217285e-01 -4.996198e-20) (0.000000e+00 0.000000e+00 0.000000e+00)) ((-2.329736e+02 4.709986e+01 3.553261e+03) (-3.286914e-01 2.800871e+00 -5.141299e+00) (0.000000e+00 0.000000e+00 0.000000e+00))
0.123788     	((1.156231e+02 6.043559e+02 2.150451e-17) (6.996307e+00 8.205936e-01 -5.018321e-20) (0.000000e+00 0.000000e+00 0.000000e+00)) ((-2.417423e+02 4.624922e+01 3.626241e+03) (-3.282375e-01 2.798523e+00 -5.142281e+00) (0.000000e+00 0.000000e+00 0.000000e+00))
0.124545     	((1.062102e+02 9.253011e+02 2.112095e-17) (6.988850e+00 8.232636e-01 -4.904862e-20) (0.000000e+00 0.000000e+00 0.000000e+00)) ((-3.701204e+02 4.248406e+01 4.513420e+03) (-3.293054e-01 2.795540e+00 -5.133069e+00) (0.000000e+00 0.000000e+00 0.000000e+00))
0.125303     	((1.181340e+02 6.649363e+02 2.053992e-17) (6.982807e+00 8.235000e-01 -4.728669e-20) (0.000000e+00 0.000000e+00 0.000000e+00)) ((-2.659745e+02 4.725361e+01 3.802242e+03) (-3.294000e-01 2.793123e+00 -5.130914e+00) (0.000000e+00 0.000000e+00 0.000000e+00))
0.126061     	((1.173954e+02 6.683435e+02 2.055022e-17) (6.977041e+00 8.240628e-01 -4.715206e-20) (0.000000e+00 0.000000e+00 0.000000e+00)) ((-2.673374e+02 4.695814e+01 3.822049e+03) (-3.296251e-01 2.790816e+00 -5.126454e+00) (0.000000e+00 0.000000e+00 0.000000e+00))
0.126818     	((1.082860e+02 1.098173e+03 2.317775e-17) (6.970396e+00 8.240853e-01 -5.448705e-20) (0.000000e+00 0.000000e+00 0.000000e+00)) ((-4.392691e+02 4.331440e+01 5.113504e+03) (-3.296341e-01 2.788158e+00 -5.124618e+00) (0.000000e+00 0.000000e+00 0.000000e+00))
0.127576     	((1.096664e+02 5.411465e+02 2.304739e-17) (6.964474e+00 8.250801e-01 -5.393024e-20) (0.000000e+00 0.000000e+00 0.000000e+00)) ((-2.164586e+02 4.386658e+01 3.370827e+03) (-3.300321e-01 2.785790e+00 -5.121092e+00) (0.000000e+00 0.000000e+00 0.000000e+00))
0.128333     	((1.130103e+02 7.762581e+02 2.368890e-17) (6.958327e+00 8.243817e-01 -5.535031e-20) (0.000000e+00 0.000000e+00 0.000000e+00)) ((-3.105032e+02 4.520414e+01 4.199269e+03) (-3.297527e-01 2.783331e+00 -5.119618e+00) (0.000000e+00 0.000000e+00 0.000000e+00))
0.129091     	((1.119362e+02 9.924991e+02 2.416199e-17) (6.952134e+00 8.258281e-01 -5.650527e-20) (0.000000e+00 0.000000e+00 0.000000e+00)) ((-3.969996e+02 4.477448e+01 4.820625e+03) (-3.303312e-01 2.780854e+00 -5.113595e+00) (0.000000e+00 0.000000e+00 0.000000e+00))
0.129848     	((1.056068e+02 9.334913e+02 2.353624e-17) (6.946187e+00 8.262284e-01 -5.490881e-20) (0.000000e+00 0.000000e+00 0.000000e+00)) ((-3.733965e+02 4.224271e+01 4.509071e+03) (-3.304913e-01 2.778475e+00 -5.111315e+00) (0.000000e+00 0.000000e+00 0.000000e+00))
0.130606     	((1.184274e+02 7.587882e+02 1.684355e-17) (6.941103e+00 8.264795e-01 -3.715607e-20) (0.000000e+00 0.000000e+00 0.000000e+00)) ((-3.035153e+02 4.737098e+01 4.073339e+03) (-3.305918e-01 2.776441e+00 -5.109415e+00) (0.000000e+00 0.000000e+00 0.000000e+00))
0.131364     	((1.042389e+02 9.375099e+02 2.570224e-17) (6.934829e+00 8.265408e-01 -6.096439e-20) (0.000000e+00 0.000000e+00 0.000000e+00)) ((-3.750040e+02 4.169557e+01 4.666259e+03) (-3.306163e-01 2.773932e+00 -5.106703e+00) (0.000000e+00 0.000000e+00 0.000000e+00))
0.132121     	((1.049135e+02 9.190031e+02 2.562381e-17) (6.929004e+00 8.273905e-01 -6.013768e-20) (0.000000e+00 0.000000e+00 0.000000e+00)) ((-3.676012e+02 4.196541e+01 4.538506e+03) (-3.309562e-01 2.771601e+00 -5.102433e+00) (0.000000e+00 0.000000e+00 0.000000e+00))
0.132879     	((1.305772e+02 7.920807e+02 1.673764e-17) (6.924223e+00 8.276498e-01 -3.657879e-20) (0.000000e+00 0.000000e+00 0.000000e+00)) ((-3.168323e+02 5.223090e+01 4.115144e+03) (-3.310599e-01 2.769689e+00 -5.100210e+00) (0.000000e+00 0.000000e+00 0.000000e+00))
0.133636     	((1.036031e+02 9.289357e+02 2.200479e-17) (6.919100e+00 8.281270e-01 -5.058207e-20) (0.000000e+00 0.000000e+00 0.000000e+00)) ((-3.715743e+02 4.144124e+01 4.580132e+03) (-3.312508e-01 2.767640e+00 -5.097170e+00) (0.000000e+00 0.000000e+00 0.000000e+00))
0.134394     	((1.089808e+02 9.252106e+02 2.217588e-17) (6.913448e+00 8.285638e-01 -5.149632e-20) (0.000000e+00 0.000000e+00 0.000000e+00)) ((-3.700843e+02 4.359231e+01 4.565180e+03) (-3.314255e-01 2.765379e+00 -5.093576e+00) (0.000000e+00 0.000000e+00 0.000000e+00))
0.135152     	((1.128822e+02 8.984848e+02 2.233736e-17) (6.908830e+00 8.295245e-01 -5.125090e-20) (0.000000e+00 0.000000e+00 0.000000e+00)) ((-3.593939e+02 4.515290e+01 4.454406e+03) (-3.318098e-01 2.763532e+00 -5.089521e+00) (0.000000e+00 0.000000e+00 0.000000e+00))
0.135909     	((1.184651e+02 8.729037e+02 2.244628e-17) (6.904112e+00 8.291592e-01 -5.169493e-20) (0.000000e+00 0.000000e+00 0.000000e+00)) ((-3.491615e+02 4.738605e+01 4.385576e+03) (-3.316637e-01 2.761645e+00 -5.089012e+00) (0.000000e+00 0.000000e+00 0.000000e+00))
0.136667     	((1.189389e+02 8.611314e+02 2.238376e-17) (6.899635e+00 8.300909e-01 -5.129018e-20) (0.000000e+00 0.000000e+00 0.000000e+00)) ((-3.444525e+02 4.757556e+01 4.348273e+03) (-3.320364e-01 2.759854e+00 -5.083616e+00) (0.000000e+00 0.000000e+00 0.000000e+00))
0.137424     	((1.165235e+02 8.630148e+02 2.244950e-17) (6.895899e+00 8.300978e-01 -5.146428e-20) (0.000000e+00 0.000000e+00 0.000000e+00)) ((-3.452059e+02 4.660941e+01 4.349563e+03) (-3.320391e-01 2.758360e+00 -5.082160e+00) (0.000000e+00 0.000000e+00 0.000000e+00))
0.138182     	((1.079935e+02 8.767824e+02 2.249375e-17) (6.890922e+00 8.297300e-01 -5.189244e-20) (0.000000e+00 0.000000e+00 0.000000e+00)) ((-3.507129e+02 4.319739e+01 4.387129e+03) (-3.318920e-01 2.756369e+00 -5.079913e+00) (0.000000e+00 0.000000e+00 0.000000e+00))
0.138939     	((1.070397e+02 9.054711e+02 2.231447e-17) (6.886600e+00 8.298873e-01 -5.156812e-20) (0.000000e+00 0.000000e+00 0.000000e+00)) ((-3.621884e+02 4.281589e+01 4.486586e+03) (-3.319549e-01 2.754640e+00 -5.076875e+00) (0.000000e+00 0.000000e+00 0.000000e+00))
0.139697     	((1.030697e+02 9.305148e+02 2.267508e-17) (6.882184e+00 8.302322e-01 -5.222172e-20) (0.000000e+00 0.000000e+00 0.000000e+00)) ((-3.722059e+02 4.122790e+01 4.535826e+03) (-3.320929e-01 2.752874e+00 -5.073649e+00) (0.000000e+00 0.000000e+00 0.000000e+00))
0.140455     	((1.022443e+02 9.359885e+02 2.257260e-17) (6.877139e+00 8.302903e-01 -5.190974e-20) (0.000000e+00 0.000000e+00 0.000000e+00)) ((-3.743954e+02 4.089773e+01 4.545934e+03) (-3.321161e-01 2.750855e+00 -5.071070e+00) (0.000000e+00 0.000000e+00 0.000000e+00))
0.141212     	((1.035198e+02 9.370401e+02 2.249972e-17) (6.872780e+00 8.303250e-01 -5.168579e-20) (0.000000e+00 0.000000e+00 0.000000e+00)) ((-3.748160e+02 4.140794e+01 4.549222e+03) (-3.321300e-01 2.749112e+00 -5.069522e+00) (0.000000e+00 0.000000e+00 0.000000e+00))
0.14197      	((1.434032e+02 8.963854e+02 2.206411e-17) (6.868493e+00 8.311389e-01 -5.012595e-20) (0.000000e+00 0.000000e+00 0.000000e+00)) ((-3.585542e+02 5.736127e+01 4.404099e+03) (-3.324555e-01 2.747397e+00 -5.064839e+00) (0.000000e+00 0.000000e+00 0.000000e+00))
0.142727     	((1.295581e+02 8.978238e+02 2.199615e-17) (6.866210e+00 8.314400e-01 -4.940689e-20) (0.000000e+00 0.000000e+00 0.000000e+00)) ((-3.591295e+02 5.182325e+01 4.418565e+03) (-3.325760e-01 2.746484e+00 -5.063498e+00) (0.000000e+00 0.000000e+00 0.000000e+00))
0.143485     	((9.772461e+01 9.025825e+02 2.130719e-17) (6.860970e+00 8.317908e-01 -4.939892e-20) (0.000000e+00 0.000000e+00 0.000000e+00)) ((-3.610330e+02 3.908985e+01 4.455762e+03) (-3.327163e-01 2.744388e+00 -5.059391e+00) (0.000000e+00 0.000000e+00 0.000000e+00))
0.144242     	((1.046051e+02 9.185334e+02 2.126630e-17) (6.856189e+00 8.322249e-01 -4.834158e-20) (0.000000e+00 0.000000e+00 0.000000e+00)) ((-3.674134e+02 4.184205e+01 4.448475e+03) (-3.328900e-01 2.742476e+00 -5.055290e+00) (0.000000e+00 0.000000e+00 0.000000e+00))
0.145        	((1.387010e+02 9.443452e+02 2.158293e-17) (6.853201e+00 8.321595e-01 -4.834235e-20) (0.000000e+00 0.000000e+00 0.000000e+00)) ((-3.777381e+02 5.548041e+01 4.557541e+03) (-3.328638e-01 2.741280e+00 -5.054648e+00) (0.000000e+00 0.000000e+00 0.000000e+00))
0.145758     	((8.998848e+01 9.137118e+02 2.141021e-17) (6.851253e+00 8.327715e-01 -4.960222e-20) (0.000000e+00 0.000000e+00 0.000000e+00)) ((-3.654847e+02 3.599539e+01 4.449146e+03) (-3.331086e-01 2.740501e+00 -5.052875e+00) (0.000000e+00 0.000000e+00 0.000000e+00))
0.146515     	((8.963821e+01 9.079114e+02 2.165620e-17) (6.845956e+00 8.326825e-01 -5.001969e-20) (0.000000e+00 0.000000e+00 0.000000e+00)) ((-3.631646e+02 3.585528e+01 4.448550e+03) (-3.330730e-01 2.738382e+00 -5.049826e+00) (0.000000e+00 0.000000e+00 0.000000e+00))
0.147273     	((9.694990e+01 9.051793e+02 2.174197e-17) (6.841722e+00 8.335955e-01 -4.987817e-20) (0.000000e+00 0.000000e+00 0.000000e+00)) ((-3.620717e+02 3.877996e+01 4.428121e+03) (-3.334382e-01 2.736689e+00 -5.044241e+00) (0.000000e+00 0.000000e+00 0.000000e+00))
0.14803      	((1.458310e+02 9.258878e+02 2.240788e-17) (6.841471e+00 8.329767e-01 -4.995952e-20) (0.000000e+00 0.000000e+00 0.000000e+00)) ((-3.703551e+02 5.833238e+01 4.460864e+03) (-3.331907e-01 2.736588e+00 -5.047060e+00) (0.000000e+00 0.000000e+00 0.000000e+00))
0.148788     	((1.011588e+02 9.282455e+02 2.273429e-17) (6.837893e+00 8.331595e-01 -5.221754e-20) (0.000000e+00 0.000000e+00 0.000000e+00)) ((-3.712982e+02 4.046350e+01 4.505500e+03) (-3.332638e-01 2.735157e+00 -5.044066e+00) (0.000000e+00 0.000000e+00 0.000000e+00))
0.149545     	((1.001964e+02 9.284038e+02 2.270323e-17) (6.834718e+00 8.326775e-01 -5.229357e-20) (0.000000e+00 0.000000e+00 0.000000e+00)) ((-3.713615e+02 4.007856e+01 4.498714e+03) (-3.330710e-01 2.733887e+00 -5.043489e+00) (0.000000e+00 0.000000e+00 0.000000e+00))
0.150303     	((1.006151e+02 9.262142e+02 2.260017e-17) (6.831678e+00 8.329326e-01 -5.179448e-20) (0.000000e+00 0.000000e+00 0.000000e+00)) ((-3.704857e+02 4.024604e+01 4.466880e+03) (-3.331730e-01 2.732671e+00 -5.040032e+00) (0.000000e+00 0.000000e+00 0.000000e+00))
0.151061     	((1.178867e+02 9.109207e+02 2.263921e-17) (6.830518e+00 8.334608e-01 -5.124617e-20) (0.000000e+00 0.000000e+00 0.000000e+00)) ((-3.643683e+02 4.715469e+01 4.413803e+03) (-3.333843e-01 2.732207e+00 -5.037114e+00) (0.000000e+00 0.000000e+00 0.000000e+00))
0.151818     	((1.217460e+02 9.041299e+02 2.250023e-17) (6.829843e+00 8.331241e-01 -5.084413e-20) (0.000000e+00 0.000000e+00 0.000000e+00)) ((-3.616520e+02 4.869842e+01 4.402763e+03) (-3.332496e-01 2.731937e+00 -5.036317e+00) (0.000000e+00 0.000000e+00 0.000000e+00))
0.152576     	((1.264431e+02 8.945479e+02 2.249438e-17) (6.832243e+00 8.334701e-01 -5.029971e-20) (0.000000e+00 0.000000e+00 0.000000e+00)) ((-3.578192e+02 5.057724e+01 4.399985e+03) (-3.333880e-01 2.732897e+00 -5.035388e+00) (0.000000e+00 0.000000e+00 0.000000e+00))
0.153333     	((1.445884e+02 8.913141e+02 2.225805e-17) (6.842872e+00 8.361934e-01 -4.779544e-20) (0.000000e+00 0.000000e+00 0.000000e+00)) ((-3.565256e+02 5.783537e+01 4.399879e+03) (-3.344773e-01 2.737149e+00 -5.033852e+00) (0.000000e+00 0.000000e+00 0.000000e+00))
0.154091     	((1.473616e+02 6.377136e+02 1.167576e-17) (6.844177e+00 8.330247e-01 -2.268315e-20) (0.000000e+00 0.000000e+00 0.000000e+00)) ((-2.550854e+02 5.894465e+01 3.785187e+03) (-3.332099e-01 2.737671e+00 -5.033801e+00) (0.000000e+00 0.000000e+00 0.000000e+00))
0.154848     	((9.601742e+01 1.004740e+03 2.727540e-17) (6.842233e+00 8.343848e-01 -6.267703e-20) (0.000000e+00 0.000000e+00 0.000000e+00)) ((-4.018960e+02 3.840697e+01 4.677366e+03) (-3.337539e-01 2.736893e+00 -5.030841e+00) (0.000000e+00 0.000000e+00 0.000000e+00))
0.155606     	((1.628338e+02 7.561818e+02 1.370741e-17) (6.841401e+00 8.335248e-01 -2.607570e-20) (0.000000e+00 0.000000e+00 0.000000e+00)) ((-3.024727e+02 6.513352e+01 4.065560e+03) (-3.334099e-01 2.736560e+00 -5.031235e+00) (0.000000e+00 0.000000e+00 0.000000e+00))
0.156364     	((1.616655e+02 7.504203e+02 1.381936e-17) (6.843313e+00 8.317613e-01 -2.601373e-20) (0.000000e+00 0.000000e+00 0.000000e+00)) ((-3.001681e+02 6.466621e+01 4.061279e+03) (-3.327045e-01 2.737325e+00 -5.034346e+00) (0.000000e+00 0.000000e+00 0.000000e+00))
0.157121     	((1.616746e+02 6.009207e+02 1.893451e-17) (6.844832e+00 8.316473e-01 -3.851555e-20) (0.000000e+00 0.000000e+00 0.000000e+00)) ((-2.403683e+02 6.466984e+01 3.622461e+03) (-3.326589e-01 2.737933e+00 -5.031637e+00) (0.000000e+00 0.000000e+00 0.000000e+00))
0.157879     	((1.234794e+02 1.068253e+03 2.030335e-17) (6.850044e+00 8.333461e-01 -4.234655e-20) (0.000000e+00 0.000000e+00 0.000000e+00)) ((-4.273011e+02 4.939174e+01 4.855512e+03) (-3.333384e-01 2.740018e+00 -5.030453e+00) (0.000000e+00 0.000000e+00 0.000000e+00))
0.158636     	((1.667929e+02 8.995315e+02 2.164475e-17) (6.852382e+00 8.363182e-01 -4.333872e-20) (0.000000e+00 0.000000e+00 0.000000e+00)) ((-3.598126e+02 6.671717e+01 4.402981e+03) (-3.345273e-01 2.740953e+00 -5.028600e+00) (0.000000e+00 0.000000e+00 0.000000e+00))
0.159394     	((1.394133e+02 7.982120e+02 2.673808e-17) (6.855810e+00 8.389602e-01 -5.776056e-20) (0.000000e+00 0.000000e+00 0.000000e+00)) ((-3.192848e+02 5.576530e+01 4.090129e+03) (-3.355841e-01 2.742324e+00 -5.029299e+00) (0.000000e+00 0.000000e+00 0.000000e+00))
0.160152     	((1.201517e+02 8.883714e+02 2.105839e-17) (6.856691e+00 8.426139e-01 -4.274488e-20) (0.000000e+00 0.000000e+00 0.000000e+00)) ((-3.553486e+02 4.806068e+01 4.338903e+03) (-3.370456e-01 2.742677e+00 -5.027781e+00) (0.000000e+00 0.000000e+00 0.000000e+00))
0.160909     	((1.447133e+02 9.413702e+02 2.093125e-17) (6.857764e+00 8.471366e-01 -4.155924e-20) (0.000000e+00 0.000000e+00 0.000000e+00)) ((-3.765481e+02 5.788533e+01 4.494947e+03) (-3.388547e-01 2.743106e+00 -5.027173e+00) (0.000000e+00 0.000000e+00 0.000000e+00))
0.161667     	((1.518492e+02 9.665508e+02 2.114153e-17) (6.859480e+00 8.528427e-01 -4.107453e-20) (0.000000e+00 0.000000e+00 0.000000e+00)) ((-3.866203e+02 6.073967e+01 4.525578e+03) (-3.411371e-01 2.743792e+00 -5.026623e+00) (0.000000e+00 0.000000e+00 0.000000e+00))
0.162424     	((1.597451e+02 1.177125e+03 2.164127e-17) (6.863089e+00 8.626849e-01 -4.024962e-20) (0.000000e+00 0.000000e+00 0.000000e+00)) ((-4.708501e+02 6.389806e+01 4.929305e+03) (-3.450740e-01 2.745235e+00 -5.028162e+00) (0.000000e+00 0.000000e+00 0.000000e+00))
0.163182     	((1.300308e+02 3.915155e+03 2.362447e-17) (6.891995e+00 9.121251e-01 -3.247198e-20) (0.000000e+00 0.000000e+00 0.000000e+00)) ((-1.566062e+03 5.201232e+01 1.133294e+04) (-3.648500e-01 2.756798e+00 -5.018082e+00) (0.000000e+00 0.000000e+00 0.000000e+00))
0.163939     	((1.268215e+02 -3.462112e+02 2.663760e-17) (6.903004e+00 8.981427e-01 -6.191009e-20) (0.000000e+00 0.000000e+00 0.000000e+00)) ((1.384845e+02 5.072861e+01 1.535610e+03) (-3.592571e-01 2.761202e+00 -5.026388e+00) (0.000000e+00 0.000000e+00 0.000000e+00))
0.164697     	((1.486467e+02 -1.703130e+02 2.260123e-17) (6.901525e+00 8.968255e-01 -5.063037e-20) (0.000000e+00 0.000000e+00 0.000000e+00)) ((6.812519e+01 5.945869e+01 1.940265e+03) (-3.587302e-01 2.760610e+00 -5.030158e+00) (0.000000e+00 0.000000e+00 0.000000e+00))
0.165455     	((1.535753e+02 -9.272255e+01 2.244060e-17) (6.898842e+00 8.986772e-01 -4.966267e-20) (0.000000e+00 0.000000e+00 0.000000e+00)) ((3.708902e+01 6.143014e+01 2.016668e+03) (-3.594709e-01 2.759537e+00 -5.034029e+00) (0.000000e+00 0.000000e+00 0.000000e+00))
0.166212     	((1.397473e+02 4.486628e+02 1.554660e-17) (6.896154e+00 9.057531e-01 -3.017201e-20) (0.000000e+00 0.000000e+00 0.000000e+00)) ((-1.794651e+02 5.589891e+01 3.443274e+03) (-3.623012e-01 2.758462e+00 -5.035764e+00) (0.000000e+00 0.000000e+00 0.000000e+00))
0.16697      	((1.476157e+02 3.671116e+02 2.297908e-17) (6.895202e+00 9.139074e-01 -5.035957e-20) (0.000000e+00 0.000000e+00 0.000000e+00)) ((-1.468446e+02 5.904626e+01 3.099209e+03) (-3.655629e-01 2.758081e+00 -5.037938e+00) (0.000000e+00 0.000000e+00 0.000000e+00))
0.167727     	((1.163309e+02 6.242961e+02 2.396198e-17) (6.893801e+00 9.243411e-01 -5.268424e-20) (0.000000e+00 0.000000e+00 0.000000e+00)) ((-2.497185e+02 4.653235e+01 3.713872e+03) (-3.697364e-01 2.757520e+00 -5.037694e+00) (0.000000e+00 0.000000e+00 0.000000e+00))
0.168485     	((1.302140e+02 8.692867e+02 2.379048e-17) (6.893448e+00 9.344802e-01 -5.209280e-20) (0.000000e+00 0.000000e+00 0.000000e+00)) ((-3.477147e+02 5.208562e+01 4.442202e+03) (-3.737921e-01 2.757379e+00 -5.037657e+00) (0.000000e+00 0.000000e+00 0.000000e+00))
0.169242     	((1.173194e+02 8.462464e+02 1.711161e-17) (6.894804e+00 9.446143e-01 -3.432811e-20) (0.000000e+00 0.000000e+00 0.000000e+00)) ((-3.384986e+02 4.692776e+01 4.148239e+03) (-3.778457e-01 2.757921e+00 -5.038376e+00) (0.000000e+00 0.000000e+00 0.000000e+00))
0.17         	((1.297272e+02 8.583205e+02 2.350093e-17) (6.897420e+00 9.536069e-01 -5.105347e-20) (0.000000e+00 0.000000e+00 0.000000e+00)) ((-3.433282e+02 5.189090e+01 4.280905e+03) (-3.814427e-01 2.758968e+00 -5.038115e+00) (0.000000e+00 0.000000e+00 0.000000e+00))
0.170758     	((1.269586e+02 8.866450e+02 2.365988e-17) (6.901412e+00 9.598196e-01 -5.245319e-20) (0.000000e+00 0.000000e+00 0.000000e+00)) ((-3.546580e+02 5.078343e+01 4.313647e+03) (-3.839279e-01 2.760565e+00 -5.039707e+00) (0.000000e+00 0.000000e+00 0.000000e+00))
0.171515     	((1.060439e+02 9.357462e+02 2.359784e-17) (6.905463e+00 9.647423e-01 -5.232268e-20) (0.000000e+00 0.000000e+00 0.000000e+00)) ((-3.742985e+02 4.241757e+01 4.364899e+03) (-3.858969e-01 2.762185e+00 -5.039366e+00) (0.000000e+00 0.000000e+00 0.000000e+00))
0.172273     	((1.135804e+02 1.070361e+03 2.321417e-17) (6.907883e+00 9.680004e-01 -5.177164e-20) (0.000000e+00 0.000000e+00 0.000000e+00)) ((-4.281443e+02 4.543215e+01 4.827828e+03) (-3.872002e-01 2.763153e+00 -5.039105e+00) (0.000000e+00 0.000000e+00 0.000000e+00))
0.17303      	((1.229604e+02 1.047388e+03 2.304237e-17) (6.912367e+00 9.690101e-01 -5.071191e-20) (0.000000e+00 0.000000e+00 0.000000e+00)) ((-4.189551e+02 4.918418e+01 4.730767e+03) (-3.876041e-01 2.764947e+00 -5.040214e+00) (0.000000e+00 0.000000e+00 0.000000e+00))
0.173741     	((1.347647e+02 9.111378e+02 1.471320e-17) (6.917381e+00 9.688611e-01 -2.632659e-20) (0.000000e+00 0.000000e+00 0.000000e+00)) ((-3.644551e+02 5.390587e+01 4.180555e+03) (-3.875444e-01 2.766952e+00 -5.041986e+00) (0.000000e+00 0.000000e+00 0.000000e+00))
0.174441     	((8.993742e+01 1.415678e+03 2.846167e-17) (6.921256e+00 9.679691e-01 -6.370679e-20) (0.000000e+00 0.000000e+00 0.000000e+00)) ((-5.662713e+02 3.597497e+01 5.817825e+03) (-3.871876e-01 2.768502e+00 -5.043242e+00) (0.000000e+00 0.000000e+00 0.000000e+00))
0.175147     	((1.948667e+02 5.748380e+02 5.197661e-18) (6.925763e+00 9.657361e-01 -1.004376e-21) (0.000000e+00 0.000000e+00 0.000000e+00)) ((-2.299352e+02 7.794668e+01 3.133749e+03) (-3.862944e-01 2.770305e+00 -5.046076e+00) (0.000000e+00 0.000000e+00 0.000000e+00))
0.175886     	((1.120067e+02 1.114788e+03 2.662148e-17) (6.926824e+00 9.625339e-01 -6.081177e-20) (0.000000e+00 0.000000e+00 0.000000e+00)) ((-4.459151e+02 4.480269e+01 4.855801e+03) (-3.850136e-01 2.770729e+00 -5.044840e+00) (0.000000e+00 0.000000e+00 0.000000e+00))
0.176621     	((1.155657e+02 1.138778e+03 1.837255e-17) (6.930958e+00 9.596878e-01 -3.765082e-20) (0.000000e+00 0.000000e+00 0.000000e+00)) ((-4.555111e+02 4.622628e+01 4.866127e+03) (-3.838751e-01 2.772383e+00 -5.046811e+00) (0.000000e+00 0.000000e+00 0.000000e+00))
0.177356     	((1.104745e+02 1.117263e+03 1.845990e-17) (6.934285e+00 9.563312e-01 -3.832530e-20) (0.000000e+00 0.000000e+00 0.000000e+00)) ((-4.469050e+02 4.418980e+01 4.809201e+03) (-3.825325e-01 2.773714e+00 -5.047759e+00) (0.000000e+00 0.000000e+00 0.000000e+00))
0.17809      	((8.884387e+01 9.871446e+02 2.691914e-17) (6.936070e+00 9.518007e-01 -6.202124e-20) (0.000000e+00 0.000000e+00 0.000000e+00)) ((-3.948578e+02 3.553755e+01 4.424257e+03) (-3.807203e-01 2.774428e+00 -5.049086e+00) (0.000000e+00 0.000000e+00 0.000000e+00))
0.178825     	((1.727004e+02 1.218100e+03 1.267621e-17) (6.939356e+00 9.475740e-01 -2.063025e-20) (0.000000e+00 0.000000e+00 0.000000e+00)) ((-4.872401e+02 6.908015e+01 5.121966e+03) (-3.790296e-01 2.775742e+00 -5.051111e+00) (0.000000e+00 0.000000e+00 0.000000e+00))
0.179559     	((8.402692e+01 1.023303e+03 2.978756e-17) (6.941823e+00 9.434884e-01 -6.996980e-20) (0.000000e+00 0.000000e+00 0.000000e+00)) ((-4.093211e+02 3.361077e+01 4.510439e+03) (-3.773954e-01 2.776729e+00 -5.053711e+00) (0.000000e+00 0.000000e+00 0.000000e+00))
0.180294     	((8.422146e+01 1.020957e+03 2.976020e-17) (6.942897e+00 9.384064e-01 -6.994306e-20) (0.000000e+00 0.000000e+00 0.000000e+00)) ((-4.083828e+02 3.368858e+01 4.509481e+03) (-3.753626e-01 2.777159e+00 -5.056390e+00) (0.000000e+00 0.000000e+00 0.000000e+00))
0.181029     	((8.717702e+01 1.152899e+03 2.407694e-17) (6.946531e+00 9.347063e-01 -5.426316e-20) (0.000000e+00 0.000000e+00 0.000000e+00)) ((-4.611597e+02 3.487081e+01 4.884217e+03) (-3.738825e-01 2.778613e+00 -5.057524e+00) (0.000000e+00 0.000000e+00 0.000000e+00))
0.181765     	((1.286886e+02 1.011435e+03 2.406336e-17) (6.948289e+00 9.297447e-01 -5.341662e-20) (0.000000e+00 0.000000e+00 0.000000e+00)) ((-4.045738e+02 5.147543e+01 4.499804e+03) (-3.718979e-01 2.779315e+00 -5.062053e+00) (0.000000e+00 0.000000e+00 0.000000e+00))
0.1825       	((1.298036e+02 9.860589e+02 2.388888e-17) (6.951027e+00 9.249872e-01 -5.269459e-20) (0.000000e+00 0.000000e+00 0.000000e+00)) ((-3.944236e+02 5.192144e+01 4.409780e+03) (-3.699949e-01 2.780411e+00 -5.064800e+00) (0.000000e+00 0.000000e+00 0.000000e+00))
0.183235     	((9.768814e+01 9.878663e+02 2.288384e-17) (6.952509e+00 9.205683e-01 -5.046999e-20) (0.000000e+00 0.000000e+00 0.000000e+00)) ((-3.951465e+02 3.907526e+01 4.376561e+03) (-3.682273e-01 2.781003e+00 -5.067007e+00) (0.000000e+00 0.000000e+00 0.000000e+00))
0.183971     	((1.598357e+02 1.051231e+03 1.446996e-17) (6.954161e+00 9.164025e-01 -2.671366e-20) (0.000000e+00 0.000000e+00 0.000000e+00)) ((-4.204923e+02 6.393429e+01 4.628689e+03) (-3.665610e-01 2.781664e+00 -5.069651e+00) (0.000000e+00 0.000000e+00 0.000000e+00))
0.184706     	((9.593218e+01 1.123703e+03 2.265776e-17) (6.956300e+00 9.118382e-01 -5.016905e-20) (0.000000e+00 0.000000e+00 0.000000e+00)) ((-4.494813e+02 3.837287e+01 4.786440e+03) (-3.647353e-01 2.782520e+00 -5.075163e+00) (0.000000e+00 0.000000e+00 0.000000e+00))
0.185441     	((1.114678e+02 9.343846e+02 2.291910e-17) (6.956749e+00 9.083714e-01 -5.072309e-20) (0.000000e+00 0.000000e+00 0.000000e+00)) ((-3.737538e+02 4.458712e+01 4.200865e+03) (-3.633485e-01 2.782700e+00 -5.075936e+00) (0.000000e+00 0.000000e+00 0.000000e+00))
0.186176     	((1.168185e+02 9.228056e+02 2.303076e-17) (6.958180e+00 9.041765e-01 -5.060429e-20) (0.000000e+00 0.000000e+00 0.000000e+00)) ((-3.691222e+02 4.672742e+01 4.201690e+03) (-3.616706e-01 2.783272e+00 -5.079183e+00) (0.000000e+00 0.000000e+00 0.000000e+00))
0.186912     	((1.166550e+02 9.257873e+02 2.303006e-17) (6.959344e+00 8.993765e-01 -5.081424e-20) (0.000000e+00 0.000000e+00 0.000000e+00)) ((-3.703149e+02 4.666201e+01 4.210297e+03) (-3.597506e-01 2.783737e+00 -5.085551e+00) (0.000000e+00 0.000000e+00 0.000000e+00))
0.187647     	((1.181737e+02 9.631773e+02 2.309384e-17) (6.960224e+00 8.957955e-01 -5.148509e-20) (0.000000e+00 0.000000e+00 0.000000e+00)) ((-3.852709e+02 4.726946e+01 4.337465e+03) (-3.583182e-01 2.784090e+00 -5.088706e+00) (0.000000e+00 0.000000e+00 0.000000e+00))
0.188382     	((1.175730e+02 9.779560e+02 2.305879e-17) (6.960849e+00 8.922428e-01 -5.159904e-20) (0.000000e+00 0.000000e+00 0.000000e+00)) ((-3.911824e+02 4.702919e+01 4.385212e+03) (-3.568971e-01 2.784340e+00 -5.092124e+00) (0.000000e+00 0.000000e+00 0.000000e+00))
0.189118     	((1.167624e+02 1.107857e+03 1.588394e-17) (6.961219e+00 8.891720e-01 -3.177653e-20) (0.000000e+00 0.000000e+00 0.000000e+00)) ((-4.431427e+02 4.670497e+01 4.722379e+03) (-3.556688e-01 2.784488e+00 -5.095043e+00) (0.000000e+00 0.000000e+00 0.000000e+00))
0.189853     	((1.269654e+02 9.726480e+02 2.387217e-17) (6.961516e+00 8.865938e-01 -5.315472e-20) (0.000000e+00 0.000000e+00 0.000000e+00)) ((-3.890592e+02 5.078617e+01 4.363096e+03) (-3.546375e-01 2.784606e+00 -5.097812e+00) (0.000000e+00 0.000000e+00 0.000000e+00))
0.190588     	((1.172339e+02 9.180090e+02 2.348115e-17) (6.962430e+00 8.830696e-01 -5.237898e-20) (0.000000e+00 0.000000e+00 0.000000e+00)) ((-3.672036e+02 4.689357e+01 4.182885e+03) (-3.532278e-01 2.784972e+00 -5.103202e+00) (0.000000e+00 0.000000e+00 0.000000e+00))
0.191324     	((1.070054e+02 9.006430e+02 2.351305e-17) (6.962191e+00 8.801967e-01 -5.264314e-20) (0.000000e+00 0.000000e+00 0.000000e+00)) ((-3.602572e+02 4.280218e+01 4.125089e+03) (-3.520787e-01 2.784876e+00 -5.105748e+00) (0.000000e+00 0.000000e+00 0.000000e+00))
0.192059     	((1.065476e+02 9.030747e+02 2.350670e-17) (6.961690e+00 8.773541e-01 -5.272600e-20) (0.000000e+00 0.000000e+00 0.000000e+00)) ((-3.612299e+02 4.261903e+01 4.134139e+03) (-3.509417e-01 2.784676e+00 -5.109152e+00) (0.000000e+00 0.000000e+00 0.000000e+00))
0.192794     	((1.104435e+02 1.056393e+03 1.640006e-17) (6.961041e+00 8.752118e-01 -3.404682e-20) (0.000000e+00 0.000000e+00 0.000000e+00)) ((-4.225572e+02 4.417739e+01 4.600297e+03) (-3.500847e-01 2.784416e+00 -5.111297e+00) (0.000000e+00 0.000000e+00 0.000000e+00))
0.193529     	((1.281791e+02 9.769723e+02 2.329302e-17) (6.960938e+00 8.726856e-01 -5.184368e-20) (0.000000e+00 0.000000e+00 0.000000e+00)) ((-3.907889e+02 5.127163e+01 4.367825e+03) (-3.490742e-01 2.784375e+00 -5.116850e+00) (0.000000e+00 0.000000e+00 0.000000e+00))
0.194265     	((1.124684e+02 9.251811e+02 2.333664e-17) (6.960435e+00 8.714662e-01 -5.208011e-20) (0.000000e+00 0.000000e+00 0.000000e+00)) ((-3.700725e+02 4.498737e+01 4.190851e+03) (-3.485865e-01 2.784174e+00 -5.115724e+00) (0.000000e+00 0.000000e+00 0.000000e+00))
0.195        	((1.108407e+02 9.280836e+02 2.335802e-17) (6.960234e+00 8.680370e-01 -5.226473e-20) (0.000000e+00 0.000000e+00 0.000000e+00)) ((-3.712334e+02 4.433628e+01 4.199105e+03) (-3.472148e-01 2.784094e+00 -5.123711e+00) (0.000000e+00 0.000000e+00 0.000000e+00))
0.195735     	((9.739405e+01 9.534020e+02 2.308560e-17) (6.957626e+00 8.664012e-01 -5.238070e-20) (0.000000e+00 0.000000e+00 0.000000e+00)) ((-3.813608e+02 3.895762e+01 4.312057e+03) (-3.465605e-01 2.783050e+00 -5.124779e+00) (0.000000e+00 0.000000e+00 0.000000e+00))
0.196471     	((1.242117e+02 1.035363e+03 1.736339e-17) (6.956247e+00 8.646050e-01 -3.598583e-20) (0.000000e+00 0.000000e+00 0.000000e+00)) ((-4.141450e+02 4.968467e+01 4.528781e+03) (-3.458420e-01 2.782499e+00 -5.127610e+00) (0.000000e+00 0.000000e+00 0.000000e+00))
0.197206     	((1.090445e+02 9.239671e+02 2.447693e-17) (6.954850e+00 8.631724e-01 -5.546390e-20) (0.000000e+00 0.000000e+00 0.000000e+00)) ((-3.695869e+02 4.361779e+01 4.173607e+03) (-3.452690e-01 2.781940e+00 -5.130367e+00) (0.000000e+00 0.000000e+00 0.000000e+00))
0.197941     	((1.080690e+02 9.211144e+02 2.456072e-17) (6.953180e+00 8.612031e-01 -5.599831e-20) (0.000000e+00 0.000000e+00 0.000000e+00)) ((-3.684458e+02 4.322759e+01 4.172874e+03) (-3.444812e-01 2.781272e+00 -5.134459e+00) (0.000000e+00 0.000000e+00 0.000000e+00))
0.198676     	((9.938579e+01 9.505321e+02 2.409147e-17) (6.950449e+00 8.598048e-01 -5.420755e-20) (0.000000e+00 0.000000e+00 0.000000e+00)) ((-3.802128e+02 3.975432e+01 4.275603e+03) (-3.439219e-01 2.780180e+00 -5.134810e+00) (0.000000e+00 0.000000e+00 0.000000e+00))
0.199412     	((9.443029e+01 9.757144e+02 2.400958e-17) (6.947079e+00 8.584208e-01 -5.457532e-20) (0.000000e+00 0.000000e+00 0.000000e+00)) ((-3.902857e+02 3.777212e+01 4.332518e+03) (-3.433683e-01 2.778832e+00 -5.136646e+00) (0.000000e+00 0.000000e+00 0.000000e+00))
0.2          	((1.327383e+02 1.050724e+03 1.379830e-17) (6.945857e+00 8.577998e-01 -2.727358e-20) (0.000000e+00 0.000000e+00 0.000000e+00)) ((-4.202897e+02 5.309531e+01 4.583029e+03) (-3.431199e-01 2.778343e+00 -5.138473e+00) (0.000000e+00 0.000000e+00 0.000000e+00))
