# Forces     
# CofR       : (0.000000e+00 0.000000e+00 0.000000e+00)
# Time       forces(pressure viscous porous) moment(pressure viscous porous)
0.000734161  	((3.671770e+02 1.577593e+03 2.618637e-18) (5.872192e+00 -4.931793e-02 -1.439829e-20) (0.000000e+00 0.000000e+00 0.000000e+00)) ((-6.310373e+02 1.468708e+02 4.047261e+03) (1.972717e-02 2.348877e+00 -5.570658e+00) (0.000000e+00 0.000000e+00 0.000000e+00))
0.00144118   	((1.480629e+03 1.252271e+03 8.167189e-18) (6.773522e+00 -1.552765e-01 -9.356298e-21) (0.000000e+00 0.000000e+00 0.000000e+00)) ((-5.009082e+02 5.922517e+02 1.726162e+03) (6.211059e-02 2.709409e+00 -7.165660e+00) (0.000000e+00 0.000000e+00 0.000000e+00))
0.00215294   	((1.579081e+03 1.485039e+03 9.036166e-18) (7.806745e+00 -4.174433e-02 -1.088446e-20) (0.000000e+00 0.000000e+00 0.000000e+00)) ((-5.940155e+02 6.316323e+02 2.393117e+03) (1.669773e-02 3.122698e+00 -8.026470e+00) (0.000000e+00 0.000000e+00 0.000000e+00))
0.00286471   	((1.387097e+03 1.538562e+03 7.232212e-18) (8.712207e+00 2.322312e-02 -9.007729e-21) (0.000000e+00 0.000000e+00 0.000000e+00)) ((-6.154248e+02 5.548387e+02 2.726030e+03) (-9.289249e-03 3.484883e+00 -8.712894e+00) (0.000000e+00 0.000000e+00 0.000000e+00))
0.00357647   	((1.189088e+03 1.805195e+03 6.540417e-18) (9.524307e+00 6.216290e-02 -1.250072e-20) (0.000000e+00 0.000000e+00 0.000000e+00)) ((-7.220780e+02 4.756351e+02 3.800577e+03) (-2.486516e-02 3.809723e+00 -9.342183e+00) (0.000000e+00 0.000000e+00 0.000000e+00))
0.00428824   	((1.051802e+03 1.452731e+03 6.161562e-18) (1.018681e+01 1.017843e-01 -1.344861e-20) (0.000000e+00 0.000000e+00 0.000000e+00)) ((-5.810925e+02 4.207206e+02 3.366251e+03) (-4.071373e-02 4.074725e+00 -9.837889e+00) (0.000000e+00 0.000000e+00 0.000000e+00))
0.005        	((9.237714e+02 1.318662e+03 4.900629e-18) (1.064872e+01 1.447922e-01 -8.591017e-21) (0.000000e+00 0.000000e+00 0.000000e+00)) ((-5.274647e+02 3.695085e+02 3.501502e+03) (-5.791686e-02 4.259489e+00 -1.016936e+01) (0.000000e+00 0.000000e+00 0.000000e+00))
0.00571429   	((8.316833e+02 1.081728e+03 4.308746e-18) (1.097224e+01 1.804806e-01 -8.854588e-21) (0.000000e+00 0.000000e+00 0.000000e+00)) ((-4.326913e+02 3.326733e+02 3.247479e+03) (-7.219223e-02 4.388898e+00 -1.036673e+01) (0.000000e+00 0.000000e+00 0.000000e+00))
0.00642857   	((7.846559e+02 8.114794e+02 4.340947e-18) (1.120779e+01 2.130760e-01 -9.654061e-21) (0.000000e+00 0.000000e+00 0.000000e+00)) ((-3.245917e+02 3.138623e+02 2.874216e+03) (-8.523042e-02 4.483118e+00 -1.048116e+01) (0.000000e+00 0.000000e+00 0.000000e+00))
0.00714286   	((6.908105e+02 7.327502e+02 3.284477e-18) (1.137771e+01 2.460369e-01 -4.561553e-21) (0.000000e+00 0.000000e+00 0.000000e+00)) ((-2.931001e+02 2.763242e+02 2.968989e+03) (-9.841476e-02 4.551082e+00 -1.052738e+01) (0.000000e+00 0.000000e+00 0.000000e+00))
0.00785714   	((6.489491e+02 7.251098e+02 3.632493e-18) (1.149030e+01 2.762091e-01 -8.465102e-21) (0.000000e+00 0.000000e+00 0.000000e+00)) ((-2.900439e+02 2.595796e+02 3.064231e+03) (-1.104836e-01 4.596120e+00 -1.052086e+01) (0.000000e+00 0.000000e+00 0.000000e+00))
0.00857143   	((5.543243e+02 5.762047e+02 2.521871e-18) (1.155282e+01 3.050356e-01 -1.252131e-21) (0.000000e+00 0.000000e+00 0.000000e+00)) ((-2.304819e+02 2.217297e+02 2.930806e+03) (-1.220142e-01 4.621128e+00 -1.047636e+01) (0.000000e+00 0.000000e+00 0.000000e+00))
0.00928571   	((5.286041e+02 5.938069e+02 2.376638e-18) (1.157196e+01 3.354441e-01 -3.302861e-22) (0.000000e+00 0.000000e+00 0.000000e+00)) ((-2.375228e+02 2.114417e+02 3.118263e+03) (-1.341776e-01 4.628785e+00 -1.040347e+01) (0.000000e+00 0.000000e+00 0.000000e+00))
0.01         	((4.540782e+02 4.856310e+02 1.416037e-18) (1.155046e+01 3.642661e-01 5.628060e-21) (0.000000e+00 0.000000e+00 0.000000e+00)) ((-1.942524e+02 1.816313e+02 2.954113e+03) (-1.457064e-01 4.620185e+00 -1.031259e+01) (0.000000e+00 0.000000e+00 0.000000e+00))
0.0107143    	((4.319575e+02 4.653965e+02 2.028668e-18) (1.150224e+01 3.890967e-01 2.539155e-21) (0.000000e+00 0.000000e+00 0.000000e+00)) ((-1.861586e+02 1.727830e+02 2.981243e+03) (-1.556387e-01 4.600894e+00 -1.021351e+01) (0.000000e+00 0.000000e+00 0.000000e+00))
0.0114286    	((3.615328e+02 5.016151e+02 9.361052e-19) (1.143517e+01 4.113849e-01 8.800308e-21) (0.000000e+00 0.000000e+00 0.000000e+00)) ((-2.006460e+02 1.446131e+02 3.180243e+03) (-1.645540e-01 4.574067e+00 -1.010760e+01) (0.000000e+00 0.000000e+00 0.000000e+00))
0.0121429    	((3.353012e+02 4.364883e+02 1.078253e-18) (1.135564e+01 4.316390e-01 8.858613e-21) (0.000000e+00 0.000000e+00 0.000000e+00)) ((-1.745953e+02 1.341205e+02 3.109989e+03) (-1.726556e-01 4.542258e+00 -9.996641e+00) (0.000000e+00 0.000000e+00 0.000000e+00))
0.0128571    	((2.825556e+02 2.816889e+02 1.541168e-19) (1.126753e+01 4.499613e-01 1.497563e-20) (0.000000e+00 0.000000e+00 0.000000e+00)) ((-1.126755e+02 1.130222e+02 2.802212e+03) (-1.799845e-01 4.507013e+00 -9.882407e+00) (0.000000e+00 0.000000e+00 0.000000e+00))
0.0135714    	((2.524799e+02 3.392432e+02 2.145833e-19) (1.117251e+01 4.672592e-01 1.481111e-20) (0.000000e+00 0.000000e+00 0.000000e+00)) ((-1.356973e+02 1.009920e+02 3.098223e+03) (-1.869037e-01 4.469003e+00 -9.764291e+00) (0.000000e+00 0.000000e+00 0.000000e+00))
0.0142857    	((2.354937e+02 3.591455e+02 6.813817e-19) (1.107350e+01 4.837603e-01 1.109734e-20) (0.000000e+00 0.000000e+00 0.000000e+00)) ((-1.436582e+02 9.419748e+01 3.245173e+03) (-1.935041e-01 4.429399e+00 -9.645444e+00) (0.000000e+00 0.000000e+00 0.000000e+00))
0.015        	((1.938360e+02 1.073349e+02 -3.912568e-19) (1.096994e+01 4.993719e-01 2.165476e-20) (0.000000e+00 0.000000e+00 0.000000e+00)) ((-4.293397e+01 7.753439e+01 2.749342e+03) (-1.997487e-01 4.387977e+00 -9.526667e+00) (0.000000e+00 0.000000e+00 0.000000e+00))
0.0157143    	((1.679188e+02 1.736097e+02 5.838294e-20) (1.086362e+01 5.137771e-01 1.597834e-20) (0.000000e+00 0.000000e+00 0.000000e+00)) ((-6.944387e+01 6.716752e+01 2.994538e+03) (-2.055108e-01 4.345446e+00 -9.410513e+00) (0.000000e+00 0.000000e+00 0.000000e+00))
0.0164286    	((1.905333e+02 2.384442e+02 5.978703e-19) (1.075590e+01 5.272930e-01 1.385819e-20) (0.000000e+00 0.000000e+00 0.000000e+00)) ((-9.537769e+01 7.621331e+01 3.153887e+03) (-2.109172e-01 4.302358e+00 -9.297397e+00) (0.000000e+00 0.000000e+00 0.000000e+00))
0.0171429    	((1.459687e+02 1.009052e+02 -5.361638e-19) (1.064596e+01 5.412657e-01 2.168198e-20) (0.000000e+00 0.000000e+00 0.000000e+00)) ((-4.036208e+01 5.838748e+01 2.881123e+03) (-2.165063e-01 4.258385e+00 -9.182047e+00) (0.000000e+00 0.000000e+00 0.000000e+00))
0.0178571    	((1.414226e+02 7.562736e+01 -4.351432e-19) (1.053518e+01 5.550161e-01 2.045691e-20) (0.000000e+00 0.000000e+00 0.000000e+00)) ((-3.025094e+01 5.656905e+01 2.849470e+03) (-2.220064e-01 4.214071e+00 -9.069671e+00) (0.000000e+00 0.000000e+00 0.000000e+00))
0.0185714    	((1.415058e+02 7.407885e+01 -1.737347e-19) (1.042032e+01 5.683037e-01 1.993565e-20) (0.000000e+00 0.000000e+00 0.000000e+00)) ((-2.963154e+01 5.660231e+01 2.894677e+03) (-2.273215e-01 4.168127e+00 -8.953684e+00) (0.000000e+00 0.000000e+00 0.000000e+00))
0.0192857    	((1.498107e+02 7.327302e+01 -1.509032e-19) (1.030767e+01 5.824036e-01 1.883222e-20) (0.000000e+00 0.000000e+00 0.000000e+00)) ((-2.930921e+01 5.992430e+01 2.920616e+03) (-2.329614e-01 4.123069e+00 -8.841436e+00) (0.000000e+00 0.000000e+00 0.000000e+00))
0.02         	((1.543069e+02 8.376424e+01 -1.573785e-19) (1.019323e+01 5.955100e-01 1.949144e-20) (0.000000e+00 0.000000e+00 0.000000e+00)) ((-3.350570e+01 6.172277e+01 2.952202e+03) (-2.382040e-01 4.077292e+00 -8.729981e+00) (0.000000e+00 0.000000e+00 0.000000e+00))
0.0207143    	((1.695515e+02 2.050586e+02 1.300847e-19) (1.008079e+01 6.097758e-01 1.774353e-20) (0.000000e+00 0.000000e+00 0.000000e+00)) ((-8.202343e+01 6.782058e+01 3.270149e+03) (-2.439103e-01 4.032315e+00 -8.619423e+00) (0.000000e+00 0.000000e+00 0.000000e+00))
0.0214286    	((1.645211e+02 2.315091e+02 3.960698e-20) (9.968808e+00 6.229314e-01 1.850587e-20) (0.000000e+00 0.000000e+00 0.000000e+00)) ((-9.260365e+01 6.580842e+01 3.325234e+03) (-2.491726e-01 3.987523e+00 -8.513363e+00) (0.000000e+00 0.000000e+00 0.000000e+00))
0.0221429    	((1.624773e+02 2.353978e+02 -3.299804e-20) (9.860115e+00 6.358851e-01 1.836111e-20) (0.000000e+00 0.000000e+00 0.000000e+00)) ((-9.415911e+01 6.499092e+01 3.345554e+03) (-2.543541e-01 3.944046e+00 -8.413605e+00) (0.000000e+00 0.000000e+00 0.000000e+00))
0.0228571    	((1.825814e+02 3.319875e+02 6.610568e-20) (9.749848e+00 6.493341e-01 1.842188e-20) (0.000000e+00 0.000000e+00 0.000000e+00)) ((-1.327950e+02 7.303258e+01 3.585636e+03) (-2.597337e-01 3.899939e+00 -8.308335e+00) (0.000000e+00 0.000000e+00 0.000000e+00))
0.0235714    	((2.025178e+02 4.637794e+02 3.053235e-19) (9.645401e+00 6.630148e-01 1.842614e-20) (0.000000e+00 0.000000e+00 0.000000e+00)) ((-1.855118e+02 8.100710e+01 3.891503e+03) (-2.652059e-01 3.858161e+00 -8.210667e+00) (0.000000e+00 0.000000e+00 0.000000e+00))
0.0242857    	((1.973729e+02 5.000560e+02 8.996581e-20) (9.542629e+00 6.761994e-01 1.880878e-20) (0.000000e+00 0.000000e+00 0.000000e+00)) ((-2.000224e+02 7.894917e+01 3.974778e+03) (-2.704798e-01 3.817052e+00 -8.116585e+00) (0.000000e+00 0.000000e+00 0.000000e+00))
0.025        	((1.978893e+02 5.547235e+02 4.087458e-20) (9.438933e+00 6.892351e-01 1.929388e-20) (0.000000e+00 0.000000e+00 0.000000e+00)) ((-2.218894e+02 7.915573e+01 4.054767e+03) (-2.756940e-01 3.775573e+00 -8.019757e+00) (0.000000e+00 0.000000e+00 0.000000e+00))
0.0257143    	((2.244811e+02 7.341464e+02 3.731769e-19) (9.340855e+00 7.023060e-01 1.692731e-20) (0.000000e+00 0.000000e+00 0.000000e+00)) ((-2.936586e+02 8.979243e+01 4.484399e+03) (-2.809224e-01 3.736342e+00 -7.930490e+00) (0.000000e+00 0.000000e+00 0.000000e+00))
0.0264286    	((2.260141e+02 7.522082e+02 2.565164e-19) (9.243109e+00 7.162123e-01 1.790488e-20) (0.000000e+00 0.000000e+00 0.000000e+00)) ((-3.008833e+02 9.040566e+01 4.523163e+03) (-2.864849e-01 3.697244e+00 -7.837667e+00) (0.000000e+00 0.000000e+00 0.000000e+00))
0.0271429    	((2.495766e+02 1.029879e+03 6.766449e-19) (9.148909e+00 7.295833e-01 1.455915e-20) (0.000000e+00 0.000000e+00 0.000000e+00)) ((-4.119515e+02 9.983064e+01 5.204991e+03) (-2.918333e-01 3.659564e+00 -7.751108e+00) (0.000000e+00 0.000000e+00 0.000000e+00))
0.0278571    	((2.503904e+02 1.039526e+03 4.858347e-19) (9.055561e+00 7.426119e-01 1.521015e-20) (0.000000e+00 0.000000e+00 0.000000e+00)) ((-4.158104e+02 1.001562e+02 5.171362e+03) (-2.970447e-01 3.622224e+00 -7.665578e+00) (0.000000e+00 0.000000e+00 0.000000e+00))
0.0285714    	((2.446662e+02 1.012080e+03 5.350239e-19) (8.969448e+00 7.550079e-01 1.415498e-20) (0.000000e+00 0.000000e+00 0.000000e+00)) ((-4.048319e+02 9.786647e+01 5.081680e+03) (-3.020032e-01 3.587779e+00 -7.592517e+00) (0.000000e+00 0.000000e+00 0.000000e+00))
0.0292857    	((2.458861e+02 1.017913e+03 4.353955e-19) (8.880199e+00 7.671229e-01 1.467037e-20) (0.000000e+00 0.000000e+00 0.000000e+00)) ((-4.071650e+02 9.835444e+01 5.084515e+03) (-3.068492e-01 3.552080e+00 -7.512158e+00) (0.000000e+00 0.000000e+00 0.000000e+00))
0.03         	((2.616802e+02 1.261417e+03 6.829761e-19) (8.794997e+00 7.793647e-01 1.281403e-20) (0.000000e+00 0.000000e+00 0.000000e+00)) ((-5.045670e+02 1.046721e+02 5.706151e+03) (-3.117459e-01 3.517999e+00 -7.435801e+00) (0.000000e+00 0.000000e+00 0.000000e+00))
0.0307143    	((2.336893e+02 1.446563e+03 3.579846e-19) (8.712137e+00 7.916220e-01 1.322294e-20) (0.000000e+00 0.000000e+00 0.000000e+00)) ((-5.786250e+02 9.347573e+01 6.153111e+03) (-3.166488e-01 3.484855e+00 -7.361384e+00) (0.000000e+00 0.000000e+00 0.000000e+00))
0.0314286    	((2.367091e+02 1.397854e+03 4.278380e-19) (8.632329e+00 8.038413e-01 1.274520e-20) (0.000000e+00 0.000000e+00 0.000000e+00)) ((-5.591417e+02 9.468364e+01 6.025124e+03) (-3.215365e-01 3.452932e+00 -7.289764e+00) (0.000000e+00 0.000000e+00 0.000000e+00))
0.0321429    	((2.398153e+02 1.373191e+03 4.065007e-19) (8.552159e+00 8.157072e-01 1.273307e-20) (0.000000e+00 0.000000e+00 0.000000e+00)) ((-5.492762e+02 9.592611e+01 5.950238e+03) (-3.262829e-01 3.420864e+00 -7.214904e+00) (0.000000e+00 0.000000e+00 0.000000e+00))
0.0328571    	((2.331124e+02 1.443847e+03 2.211903e-19) (8.477022e+00 8.274302e-01 1.387357e-20) (0.000000e+00 0.000000e+00 0.000000e+00)) ((-5.775388e+02 9.324496e+01 6.133662e+03) (-3.309721e-01 3.390809e+00 -7.144478e+00) (0.000000e+00 0.000000e+00 0.000000e+00))
0.0335714    	((2.225534e+02 1.491367e+03 1.668431e-19) (8.404803e+00 8.393236e-01 1.334144e-20) (0.000000e+00 0.000000e+00 0.000000e+00)) ((-5.965469e+02 8.902135e+01 6.216749e+03) (-3.357295e-01 3.361921e+00 -7.076447e+00) (0.000000e+00 0.000000e+00 0.000000e+00))
0.03425      	((2.208805e+02 1.518592e+03 4.558222e-20) (8.334354e+00 8.506604e-01 1.414656e-20) (0.000000e+00 0.000000e+00 0.000000e+00)) ((-6.074369e+02 8.835219e+01 6.268493e+03) (-3.402641e-01 3.333742e+00 -7.005646e+00) (0.000000e+00 0.000000e+00 0.000000e+00))
0.034875     	((2.471824e+02 1.647544e+03 8.662028e-19) (8.274675e+00 8.618955e-01 7.777050e-21) (0.000000e+00 0.000000e+00 0.000000e+00)) ((-6.590177e+02 9.887295e+01 6.566088e+03) (-3.447582e-01 3.309870e+00 -6.944654e+00) (0.000000e+00 0.000000e+00 0.000000e+00))
0.0355556    	((2.200243e+02 1.442878e+03 -1.551648e-19) (8.209990e+00 8.721266e-01 1.496490e-20) (0.000000e+00 0.000000e+00 0.000000e+00)) ((-5.771512e+02 8.800972e+01 6.062523e+03) (-3.488506e-01 3.283996e+00 -6.880799e+00) (0.000000e+00 0.000000e+00 0.000000e+00))
0.03625      	((1.809985e+02 1.548462e+03 -4.075304e-19) (8.146011e+00 8.834250e-01 1.493608e-20) (0.000000e+00 0.000000e+00 0.000000e+00)) ((-6.193848e+02 7.239938e+01 6.327669e+03) (-3.533700e-01 3.258404e+00 -6.813147e+00) (0.000000e+00 0.000000e+00 0.000000e+00))
0.0369444    	((1.850272e+02 1.595380e+03 -4.479405e-19) (8.082332e+00 8.946178e-01 1.464115e-20) (0.000000e+00 0.000000e+00 0.000000e+00)) ((-6.381520e+02 7.401088e+01 6.412955e+03) (-3.578471e-01 3.232933e+00 -6.744160e+00) (0.000000e+00 0.000000e+00 0.000000e+00))
0.0376389    	((1.969305e+02 1.611223e+03 -2.602140e-19) (8.023964e+00 9.055571e-01 1.301128e-20) (0.000000e+00 0.000000e+00 0.000000e+00)) ((-6.444891e+02 7.877219e+01 6.444290e+03) (-3.622229e-01 3.209586e+00 -6.682025e+00) (0.000000e+00 0.000000e+00 0.000000e+00))
0.0383333    	((2.034103e+02 1.589497e+03 -1.791853e-19) (7.964160e+00 9.164978e-01 1.247108e-20) (0.000000e+00 0.000000e+00 0.000000e+00)) ((-6.357987e+02 8.136412e+01 6.356887e+03) (-3.665991e-01 3.185664e+00 -6.613993e+00) (0.000000e+00 0.000000e+00 0.000000e+00))
0.0390278    	((1.947433e+02 1.570414e+03 -2.631657e-19) (7.909000e+00 9.271723e-01 1.241695e-20) (0.000000e+00 0.000000e+00 0.000000e+00)) ((-6.281658e+02 7.789733e+01 6.303428e+03) (-3.708689e-01 3.163600e+00 -6.552346e+00) (0.000000e+00 0.000000e+00 0.000000e+00))
0.0397222    	((1.804767e+02 1.491033e+03 2.567814e-19) (7.853124e+00 9.379776e-01 8.985991e-21) (0.000000e+00 0.000000e+00 0.000000e+00)) ((-5.964133e+02 7.219068e+01 6.048429e+03) (-3.751911e-01 3.141250e+00 -6.487166e+00) (0.000000e+00 0.000000e+00 0.000000e+00))
0.0404167    	((1.762698e+02 1.628893e+03 -6.304033e-19) (7.799564e+00 9.475090e-01 1.362594e-20) (0.000000e+00 0.000000e+00 0.000000e+00)) ((-6.515573e+02 7.050794e+01 6.418598e+03) (-3.790036e-01 3.119826e+00 -6.427755e+00) (0.000000e+00 0.000000e+00 0.000000e+00))
0.0411111    	((1.825159e+02 1.619250e+03 -5.835904e-19) (7.745525e+00 9.576384e-01 1.426491e-20) (0.000000e+00 0.000000e+00 0.000000e+00)) ((-6.477000e+02 7.300635e+01 6.380610e+03) (-3.830554e-01 3.098210e+00 -6.364150e+00) (0.000000e+00 0.000000e+00 0.000000e+00))
0.0418056    	((1.643833e+02 1.463751e+03 -7.740361e-19) (7.699674e+00 9.665250e-01 1.379924e-20) (0.000000e+00 0.000000e+00 0.000000e+00)) ((-5.855005e+02 6.575331e+01 5.908415e+03) (-3.866100e-01 3.079869e+00 -6.316206e+00) (0.000000e+00 0.000000e+00 0.000000e+00))
0.0425       	((1.633195e+02 1.461762e+03 -6.958698e-19) (7.649040e+00 9.753153e-01 1.395489e-20) (0.000000e+00 0.000000e+00 0.000000e+00)) ((-5.847046e+02 6.532778e+01 5.940713e+03) (-3.901261e-01 3.059616e+00 -6.258685e+00) (0.000000e+00 0.000000e+00 0.000000e+00))
0.0431944    	((1.693367e+02 1.554887e+03 -4.358862e-19) (7.604246e+00 9.838599e-01 1.147676e-20) (0.000000e+00 0.000000e+00 0.000000e+00)) ((-6.219550e+02 6.773468e+01 6.041413e+03) (-3.935440e-01 3.041698e+00 -6.209387e+00) (0.000000e+00 0.000000e+00 0.000000e+00))
0.0438889    	((1.679171e+02 1.506147e+03 -5.561991e-19) (7.558607e+00 9.928037e-01 1.346830e-20) (0.000000e+00 0.000000e+00 0.000000e+00)) ((-6.024586e+02 6.716685e+01 6.008321e+03) (-3.971215e-01 3.023443e+00 -6.156230e+00) (0.000000e+00 0.000000e+00 0.000000e+00))
0.0445833    	((1.762003e+02 1.389572e+03 -8.760974e-19) (7.515204e+00 1.000738e+00 1.513585e-20) (0.000000e+00 0.000000e+00 0.000000e+00)) ((-5.558287e+02 7.048012e+01 5.683077e+03) (-4.002953e-01 3.006082e+00 -6.108679e+00) (0.000000e+00 0.000000e+00 0.000000e+00))
0.0452778    	((1.649694e+02 1.414301e+03 -1.009731e-18) (7.470673e+00 1.007831e+00 1.631623e-20) (0.000000e+00 0.000000e+00 0.000000e+00)) ((-5.657203e+02 6.598777e+01 5.675897e+03) (-4.031324e-01 2.988269e+00 -6.059282e+00) (0.000000e+00 0.000000e+00 0.000000e+00))
0.0459722    	((1.669624e+02 1.512986e+03 -2.700701e-19) (7.432462e+00 1.014981e+00 9.696023e-21) (0.000000e+00 0.000000e+00 0.000000e+00)) ((-6.051943e+02 6.678498e+01 5.915581e+03) (-4.059923e-01 2.972985e+00 -6.019611e+00) (0.000000e+00 0.000000e+00 0.000000e+00))
0.0466667    	((1.749161e+02 1.424121e+03 -7.297364e-19) (7.394065e+00 1.021529e+00 1.411927e-20) (0.000000e+00 0.000000e+00 0.000000e+00)) ((-5.696486e+02 6.996645e+01 5.679868e+03) (-4.086118e-01 2.957626e+00 -5.979525e+00) (0.000000e+00 0.000000e+00 0.000000e+00))
0.0473611    	((1.695335e+02 1.415978e+03 -8.361394e-19) (7.357283e+00 1.028530e+00 1.413102e-20) (0.000000e+00 0.000000e+00 0.000000e+00)) ((-5.663914e+02 6.781341e+01 5.646374e+03) (-4.114119e-01 2.942913e+00 -5.939045e+00) (0.000000e+00 0.000000e+00 0.000000e+00))
0.0480556    	((1.705053e+02 1.493409e+03 -2.718495e-19) (7.319660e+00 1.035762e+00 9.170551e-21) (0.000000e+00 0.000000e+00 0.000000e+00)) ((-5.973636e+02 6.820213e+01 5.766104e+03) (-4.143049e-01 2.927864e+00 -5.894967e+00) (0.000000e+00 0.000000e+00 0.000000e+00))
0.04875      	((1.868323e+02 1.478869e+03 -3.553234e-20) (7.285596e+00 1.042333e+00 8.178758e-21) (0.000000e+00 0.000000e+00 0.000000e+00)) ((-5.915478e+02 7.473292e+01 5.747067e+03) (-4.169330e-01 2.914238e+00 -5.856968e+00) (0.000000e+00 0.000000e+00 0.000000e+00))
0.0494444    	((1.521988e+02 1.289723e+03 -1.952415e-18) (7.251860e+00 1.047436e+00 2.158736e-20) (0.000000e+00 0.000000e+00 0.000000e+00)) ((-5.158893e+02 6.087951e+01 5.241220e+03) (-4.189742e-01 2.900744e+00 -5.821828e+00) (0.000000e+00 0.000000e+00 0.000000e+00))
0.0501389    	((1.761100e+02 1.451818e+03 -2.547266e-19) (7.222740e+00 1.053535e+00 9.543776e-21) (0.000000e+00 0.000000e+00 0.000000e+00)) ((-5.807274e+02 7.044400e+01 5.634969e+03) (-4.214139e-01 2.889096e+00 -5.789778e+00) (0.000000e+00 0.000000e+00 0.000000e+00))
0.0508333    	((1.876731e+02 1.536253e+03 1.995483e-19) (7.191787e+00 1.059244e+00 5.819711e-21) (0.000000e+00 0.000000e+00 0.000000e+00)) ((-6.145014e+02 7.506923e+01 5.819476e+03) (-4.236977e-01 2.876715e+00 -5.754205e+00) (0.000000e+00 0.000000e+00 0.000000e+00))
0.0515278    	((1.765560e+02 1.385925e+03 -8.339208e-19) (7.164378e+00 1.064396e+00 1.347743e-20) (0.000000e+00 0.000000e+00 0.000000e+00)) ((-5.543700e+02 7.062242e+01 5.431825e+03) (-4.257586e-01 2.865751e+00 -5.723613e+00) (0.000000e+00 0.000000e+00 0.000000e+00))
0.0522222    	((1.819658e+02 1.474077e+03 -1.603638e-19) (7.136672e+00 1.070805e+00 8.513261e-21) (0.000000e+00 0.000000e+00 0.000000e+00)) ((-5.896306e+02 7.278631e+01 5.622920e+03) (-4.283220e-01 2.854669e+00 -5.687462e+00) (0.000000e+00 0.000000e+00 0.000000e+00))
0.0529167    	((1.848699e+02 1.473295e+03 -1.614140e-19) (7.110185e+00 1.075293e+00 8.090987e-21) (0.000000e+00 0.000000e+00 0.000000e+00)) ((-5.893181e+02 7.394795e+01 5.616209e+03) (-4.301173e-01 2.844074e+00 -5.657380e+00) (0.000000e+00 0.000000e+00 0.000000e+00))
0.0536111    	((1.775316e+02 1.453352e+03 -1.866362e-19) (7.086415e+00 1.081554e+00 8.272769e-21) (0.000000e+00 0.000000e+00 0.000000e+00)) ((-5.813409e+02 7.101264e+01 5.534202e+03) (-4.326215e-01 2.834566e+00 -5.624667e+00) (0.000000e+00 0.000000e+00 0.000000e+00))
0.0543056    	((1.788124e+02 1.462024e+03 -2.715248e-19) (7.062614e+00 1.087056e+00 8.194997e-21) (0.000000e+00 0.000000e+00 0.000000e+00)) ((-5.848096e+02 7.152494e+01 5.544941e+03) (-4.348225e-01 2.825046e+00 -5.592851e+00) (0.000000e+00 0.000000e+00 0.000000e+00))
0.055        	((1.954636e+02 1.398236e+03 -8.896219e-19) (7.042759e+00 1.092194e+00 1.311212e-20) (0.000000e+00 0.000000e+00 0.000000e+00)) ((-5.592946e+02 7.818543e+01 5.386966e+03) (-4.368775e-01 2.817104e+00 -5.567233e+00) (0.000000e+00 0.000000e+00 0.000000e+00))
0.0556944    	((1.443560e+02 1.426330e+03 -1.253790e-18) (7.019602e+00 1.097643e+00 1.498856e-20) (0.000000e+00 0.000000e+00 0.000000e+00)) ((-5.705319e+02 5.774241e+01 5.477512e+03) (-4.390572e-01 2.807841e+00 -5.533602e+00) (0.000000e+00 0.000000e+00 0.000000e+00))
0.0563889    	((1.841614e+02 1.414694e+03 -2.437187e-19) (7.001244e+00 1.102947e+00 7.667250e-21) (0.000000e+00 0.000000e+00 0.000000e+00)) ((-5.658776e+02 7.366457e+01 5.400886e+03) (-4.411786e-01 2.800498e+00 -5.508643e+00) (0.000000e+00 0.000000e+00 0.000000e+00))
0.0570833    	((1.711432e+02 1.500831e+03 -9.887511e-19) (6.981126e+00 1.108425e+00 1.275706e-20) (0.000000e+00 0.000000e+00 0.000000e+00)) ((-6.003323e+02 6.845727e+01 5.634663e+03) (-4.433698e-01 2.792450e+00 -5.478306e+00) (0.000000e+00 0.000000e+00 0.000000e+00))
0.0577778    	((1.687404e+02 1.415391e+03 -9.308787e-19) (6.962389e+00 1.113168e+00 1.265020e-20) (0.000000e+00 0.000000e+00 0.000000e+00)) ((-5.661566e+02 6.749615e+01 5.402346e+03) (-4.452674e-01 2.784955e+00 -5.452537e+00) (0.000000e+00 0.000000e+00 0.000000e+00))
0.0584722    	((1.635020e+02 1.376199e+03 -1.027696e-18) (6.944128e+00 1.118794e+00 1.257562e-20) (0.000000e+00 0.000000e+00 0.000000e+00)) ((-5.504795e+02 6.540081e+01 5.307907e+03) (-4.475177e-01 2.777651e+00 -5.423773e+00) (0.000000e+00 0.000000e+00 0.000000e+00))
0.0591667    	((1.612545e+02 1.374871e+03 -1.135473e-18) (6.925698e+00 1.123512e+00 1.334509e-20) (0.000000e+00 0.000000e+00 0.000000e+00)) ((-5.499486e+02 6.450181e+01 5.305969e+03) (-4.494049e-01 2.770279e+00 -5.396596e+00) (0.000000e+00 0.000000e+00 0.000000e+00))
0.0598611    	((1.630834e+02 1.391623e+03 -1.093087e-18) (6.908222e+00 1.128426e+00 1.404362e-20) (0.000000e+00 0.000000e+00 0.000000e+00)) ((-5.566493e+02 6.523337e+01 5.352717e+03) (-4.513704e-01 2.763289e+00 -5.370141e+00) (0.000000e+00 0.000000e+00 0.000000e+00))
0.0605556    	((1.872708e+02 1.461654e+03 -7.756579e-20) (6.894172e+00 1.133356e+00 6.304275e-21) (0.000000e+00 0.000000e+00 0.000000e+00)) ((-5.846615e+02 7.490832e+01 5.512751e+03) (-4.533423e-01 2.757669e+00 -5.348655e+00) (0.000000e+00 0.000000e+00 0.000000e+00))
0.06125      	((1.667864e+02 1.389385e+03 -1.064226e-18) (6.880242e+00 1.137380e+00 1.299659e-20) (0.000000e+00 0.000000e+00 0.000000e+00)) ((-5.557542e+02 6.671457e+01 5.319852e+03) (-4.549518e-01 2.752097e+00 -5.329499e+00) (0.000000e+00 0.000000e+00 0.000000e+00))
0.0619444    	((1.474821e+02 1.388790e+03 -1.305469e-18) (6.863958e+00 1.142440e+00 1.376557e-20) (0.000000e+00 0.000000e+00 0.000000e+00)) ((-5.555161e+02 5.899286e+01 5.340427e+03) (-4.569759e-01 2.745583e+00 -5.302894e+00) (0.000000e+00 0.000000e+00 0.000000e+00))
0.0626389    	((1.467187e+02 1.399771e+03 -1.362369e-18) (6.846701e+00 1.146250e+00 1.453604e-20) (0.000000e+00 0.000000e+00 0.000000e+00)) ((-5.599083e+02 5.868748e+01 5.368916e+03) (-4.585000e-01 2.738681e+00 -5.278318e+00) (0.000000e+00 0.000000e+00 0.000000e+00))
0.0633333    	((1.438676e+02 1.404802e+03 -1.349010e-18) (6.830740e+00 1.151188e+00 1.441304e-20) (0.000000e+00 0.000000e+00 0.000000e+00)) ((-5.619208e+02 5.754702e+01 5.372664e+03) (-4.604752e-01 2.732296e+00 -5.252548e+00) (0.000000e+00 0.000000e+00 0.000000e+00))
0.0640278    	((1.418350e+02 1.399326e+03 -1.318298e-18) (6.815557e+00 1.156379e+00 1.347412e-20) (0.000000e+00 0.000000e+00 0.000000e+00)) ((-5.597305e+02 5.673400e+01 5.353693e+03) (-4.625517e-01 2.726223e+00 -5.226993e+00) (0.000000e+00 0.000000e+00 0.000000e+00))
0.0647222    	((1.465427e+02 1.407622e+03 -1.272324e-18) (6.798223e+00 1.160403e+00 1.369117e-20) (0.000000e+00 0.000000e+00 0.000000e+00)) ((-5.630488e+02 5.861707e+01 5.370140e+03) (-4.641612e-01 2.719289e+00 -5.200668e+00) (0.000000e+00 0.000000e+00 0.000000e+00))
0.0654167    	((2.091471e+02 1.309047e+03 2.406825e-19) (6.786322e+00 1.164421e+00 5.129316e-21) (0.000000e+00 0.000000e+00 0.000000e+00)) ((-5.236186e+02 8.365884e+01 5.098648e+03) (-4.657685e-01 2.714529e+00 -5.182422e+00) (0.000000e+00 0.000000e+00 0.000000e+00))
0.0661111    	((1.344952e+02 1.428705e+03 -1.478184e-18) (6.772472e+00 1.168698e+00 1.416541e-20) (0.000000e+00 0.000000e+00 0.000000e+00)) ((-5.714820e+02 5.379810e+01 5.413811e+03) (-4.674790e-01 2.708989e+00 -5.159956e+00) (0.000000e+00 0.000000e+00 0.000000e+00))
0.0668056    	((1.344626e+02 1.431660e+03 -1.479289e-18) (6.755791e+00 1.172702e+00 1.442300e-20) (0.000000e+00 0.000000e+00 0.000000e+00)) ((-5.726638e+02 5.378504e+01 5.423600e+03) (-4.690810e-01 2.702316e+00 -5.134426e+00) (0.000000e+00 0.000000e+00 0.000000e+00))
0.0675       	((1.363404e+02 1.307285e+03 -1.734144e-18) (6.742572e+00 1.177332e+00 1.742769e-20) (0.000000e+00 0.000000e+00 0.000000e+00)) ((-5.229140e+02 5.453618e+01 5.130616e+03) (-4.709326e-01 2.697029e+00 -5.112061e+00) (0.000000e+00 0.000000e+00 0.000000e+00))
0.0681944    	((1.383843e+02 1.398441e+03 -1.332345e-18) (6.727819e+00 1.181162e+00 1.439603e-20) (0.000000e+00 0.000000e+00 0.000000e+00)) ((-5.593764e+02 5.535372e+01 5.312255e+03) (-4.724648e-01 2.691128e+00 -5.089557e+00) (0.000000e+00 0.000000e+00 0.000000e+00))
0.0688889    	((1.434124e+02 1.392948e+03 -1.346981e-18) (6.713306e+00 1.185632e+00 1.422993e-20) (0.000000e+00 0.000000e+00 0.000000e+00)) ((-5.571790e+02 5.736494e+01 5.305029e+03) (-4.742527e-01 2.685322e+00 -5.065213e+00) (0.000000e+00 0.000000e+00 0.000000e+00))
0.0695833    	((1.517562e+02 1.396157e+03 -1.212453e-18) (6.700741e+00 1.188693e+00 1.439043e-20) (0.000000e+00 0.000000e+00 0.000000e+00)) ((-5.584626e+02 6.070249e+01 5.321894e+03) (-4.754774e-01 2.680296e+00 -5.047995e+00) (0.000000e+00 0.000000e+00 0.000000e+00))
0.0702778    	((1.487929e+02 1.384381e+03 -1.198357e-18) (6.689649e+00 1.193318e+00 1.403273e-20) (0.000000e+00 0.000000e+00 0.000000e+00)) ((-5.537522e+02 5.951716e+01 5.286480e+03) (-4.773272e-01 2.675860e+00 -5.028466e+00) (0.000000e+00 0.000000e+00 0.000000e+00))
0.0709722    	((1.432446e+02 1.377507e+03 -1.337458e-18) (6.677602e+00 1.196409e+00 1.463091e-20) (0.000000e+00 0.000000e+00 0.000000e+00)) ((-5.510028e+02 5.729784e+01 5.248573e+03) (-4.785636e-01 2.671041e+00 -5.011951e+00) (0.000000e+00 0.000000e+00 0.000000e+00))
0.0716667    	((1.427646e+02 1.383913e+03 -1.408012e-18) (6.664667e+00 1.198800e+00 1.574424e-20) (0.000000e+00 0.000000e+00 0.000000e+00)) ((-5.535652e+02 5.710585e+01 5.254320e+03) (-4.795202e-01 2.665867e+00 -4.995786e+00) (0.000000e+00 0.000000e+00 0.000000e+00))
0.0723611    	((7.762645e+01 1.416458e+03 -3.076338e-18) (6.652599e+00 1.202703e+00 2.592483e-20) (0.000000e+00 0.000000e+00 0.000000e+00)) ((-5.665833e+02 3.105058e+01 5.344057e+03) (-4.810812e-01 2.661040e+00 -4.978090e+00) (0.000000e+00 0.000000e+00 0.000000e+00))
0.0730556    	((1.544203e+02 1.459818e+03 -1.181589e-18) (6.641240e+00 1.205206e+00 1.313818e-20) (0.000000e+00 0.000000e+00 0.000000e+00)) ((-5.839270e+02 6.176812e+01 5.438467e+03) (-4.820823e-01 2.656496e+00 -4.962313e+00) (0.000000e+00 0.000000e+00 0.000000e+00))
0.07375      	((7.461411e+01 1.480683e+03 -2.681582e-18) (6.629601e+00 1.209247e+00 2.208555e-20) (0.000000e+00 0.000000e+00 0.000000e+00)) ((-5.922733e+02 2.984565e+01 5.481361e+03) (-4.836989e-01 2.651840e+00 -4.944568e+00) (0.000000e+00 0.000000e+00 0.000000e+00))
0.0744444    	((1.785747e+02 1.285881e+03 -9.808015e-19) (6.617360e+00 1.211792e+00 1.431391e-20) (0.000000e+00 0.000000e+00 0.000000e+00)) ((-5.143526e+02 7.142987e+01 4.999242e+03) (-4.847166e-01 2.646944e+00 -4.928589e+00) (0.000000e+00 0.000000e+00 0.000000e+00))
0.0751389    	((1.184816e+02 1.445801e+03 -1.759956e-18) (6.607323e+00 1.214729e+00 1.576868e-20) (0.000000e+00 0.000000e+00 0.000000e+00)) ((-5.783206e+02 4.739265e+01 5.354670e+03) (-4.858914e-01 2.642929e+00 -4.914219e+00) (0.000000e+00 0.000000e+00 0.000000e+00))
0.0758333    	((1.198350e+02 1.495613e+03 -1.569479e-18) (6.596569e+00 1.217862e+00 1.489960e-20) (0.000000e+00 0.000000e+00 0.000000e+00)) ((-5.982454e+02 4.793398e+01 5.492191e+03) (-4.871449e-01 2.638628e+00 -4.900036e+00) (0.000000e+00 0.000000e+00 0.000000e+00))
0.0765278    	((1.438826e+02 1.408807e+03 -2.008333e-18) (6.582666e+00 1.220739e+00 2.134224e-20) (0.000000e+00 0.000000e+00 0.000000e+00)) ((-5.635228e+02 5.755304e+01 5.285682e+03) (-4.882955e-01 2.633066e+00 -4.879891e+00) (0.000000e+00 0.000000e+00 0.000000e+00))
0.0772222    	((1.179517e+02 1.411910e+03 -2.076454e-18) (6.574100e+00 1.223127e+00 1.865740e-20) (0.000000e+00 0.000000e+00 0.000000e+00)) ((-5.647639e+02 4.718069e+01 5.240758e+03) (-4.892507e-01 2.629640e+00 -4.870581e+00) (0.000000e+00 0.000000e+00 0.000000e+00))
0.0779167    	((1.586341e+02 1.464759e+03 -9.244582e-19) (6.563962e+00 1.225287e+00 1.225548e-20) (0.000000e+00 0.000000e+00 0.000000e+00)) ((-5.859038e+02 6.345363e+01 5.397053e+03) (-4.901149e-01 2.625585e+00 -4.859197e+00) (0.000000e+00 0.000000e+00 0.000000e+00))
0.0786111    	((1.477807e+02 1.457556e+03 -1.303313e-18) (6.554859e+00 1.228379e+00 1.302262e-20) (0.000000e+00 0.000000e+00 0.000000e+00)) ((-5.830225e+02 5.911229e+01 5.348359e+03) (-4.913517e-01 2.621944e+00 -4.846397e+00) (0.000000e+00 0.000000e+00 0.000000e+00))
0.0793056    	((7.742437e+01 1.488357e+03 -2.995521e-18) (6.541952e+00 1.230864e+00 2.443560e-20) (0.000000e+00 0.000000e+00 0.000000e+00)) ((-5.953428e+02 3.096975e+01 5.407616e+03) (-4.923458e-01 2.616781e+00 -4.830031e+00) (0.000000e+00 0.000000e+00 0.000000e+00))
0.08         	((1.735032e+02 1.311613e+03 -9.956471e-19) (6.531369e+00 1.233480e+00 1.356437e-20) (0.000000e+00 0.000000e+00 0.000000e+00)) ((-5.246452e+02 6.940130e+01 4.954644e+03) (-4.933921e-01 2.612548e+00 -4.816525e+00) (0.000000e+00 0.000000e+00 0.000000e+00))
0.0806944    	((1.282098e+02 1.502729e+03 -1.982937e-18) (6.522943e+00 1.235648e+00 1.628766e-20) (0.000000e+00 0.000000e+00 0.000000e+00)) ((-6.010916e+02 5.128394e+01 5.415639e+03) (-4.942592e-01 2.609177e+00 -4.805756e+00) (0.000000e+00 0.000000e+00 0.000000e+00))
0.0813889    	((1.126312e+02 1.578952e+03 -1.625864e-18) (6.511228e+00 1.238234e+00 1.433454e-20) (0.000000e+00 0.000000e+00 0.000000e+00)) ((-6.315807e+02 4.505248e+01 5.584853e+03) (-4.952936e-01 2.604491e+00 -4.790914e+00) (0.000000e+00 0.000000e+00 0.000000e+00))
0.0820833    	((1.228562e+02 1.302305e+03 -3.486219e-18) (6.501959e+00 1.240397e+00 3.142535e-20) (0.000000e+00 0.000000e+00 0.000000e+00)) ((-5.209221e+02 4.914249e+01 4.926385e+03) (-4.961589e-01 2.600784e+00 -4.780861e+00) (0.000000e+00 0.000000e+00 0.000000e+00))
0.0827778    	((1.539333e+02 1.567162e+03 -1.040192e-19) (6.494757e+00 1.242834e+00 1.662368e-21) (0.000000e+00 0.000000e+00 0.000000e+00)) ((-6.268649e+02 6.157331e+01 5.505024e+03) (-4.971335e-01 2.597903e+00 -4.772194e+00) (0.000000e+00 0.000000e+00 0.000000e+00))
0.0834722    	((1.112655e+02 1.454219e+03 -2.015910e-18) (6.484980e+00 1.244745e+00 1.836522e-20) (0.000000e+00 0.000000e+00 0.000000e+00)) ((-5.816877e+02 4.450621e+01 5.249481e+03) (-4.978981e-01 2.593992e+00 -4.761035e+00) (0.000000e+00 0.000000e+00 0.000000e+00))
0.0841667    	((1.475608e+02 1.443283e+03 -1.358960e-18) (6.476902e+00 1.246489e+00 1.241907e-20) (0.000000e+00 0.000000e+00 0.000000e+00)) ((-5.773133e+02 5.902430e+01 5.192642e+03) (-4.985956e-01 2.590761e+00 -4.752822e+00) (0.000000e+00 0.000000e+00 0.000000e+00))
0.0848611    	((8.679338e+01 1.534694e+03 -3.240984e-18) (6.467980e+00 1.247630e+00 2.503957e-20) (0.000000e+00 0.000000e+00 0.000000e+00)) ((-6.138777e+02 3.471735e+01 5.430529e+03) (-4.990522e-01 2.587192e+00 -4.744993e+00) (0.000000e+00 0.000000e+00 0.000000e+00))
0.0855556    	((1.497635e+02 1.343337e+03 -1.707751e-18) (6.457249e+00 1.250245e+00 1.590736e-20) (0.000000e+00 0.000000e+00 0.000000e+00)) ((-5.373349e+02 5.990539e+01 4.888886e+03) (-5.000982e-01 2.582899e+00 -4.730731e+00) (0.000000e+00 0.000000e+00 0.000000e+00))
0.08625      	((1.525824e+02 1.338663e+03 -1.656545e-18) (6.450684e+00 1.252951e+00 1.575052e-20) (0.000000e+00 0.000000e+00 0.000000e+00)) ((-5.354653e+02 6.103297e+01 4.895339e+03) (-5.011805e-01 2.580274e+00 -4.720274e+00) (0.000000e+00 0.000000e+00 0.000000e+00))
0.0869444    	((1.262956e+02 1.472101e+03 -1.882359e-18) (6.441207e+00 1.254653e+00 1.603485e-20) (0.000000e+00 0.000000e+00 0.000000e+00)) ((-5.888402e+02 5.051823e+01 5.230091e+03) (-5.018613e-01 2.576483e+00 -4.709125e+00) (0.000000e+00 0.000000e+00 0.000000e+00))
0.0876389    	((1.241777e+02 1.486009e+03 -1.988075e-18) (6.431670e+00 1.256302e+00 1.647211e-20) (0.000000e+00 0.000000e+00 0.000000e+00)) ((-5.944037e+02 4.967108e+01 5.250355e+03) (-5.025206e-01 2.572668e+00 -4.698619e+00) (0.000000e+00 0.000000e+00 0.000000e+00))
0.0883333    	((1.243132e+02 1.479255e+03 -1.983352e-18) (6.425076e+00 1.257815e+00 1.562294e-20) (0.000000e+00 0.000000e+00 0.000000e+00)) ((-5.917021e+02 4.972530e+01 5.217229e+03) (-5.031262e-01 2.570030e+00 -4.693629e+00) (0.000000e+00 0.000000e+00 0.000000e+00))
0.0890278    	((1.303602e+02 1.359861e+03 -2.863090e-18) (6.418971e+00 1.261192e+00 2.307334e-20) (0.000000e+00 0.000000e+00 0.000000e+00)) ((-5.439442e+02 5.214408e+01 4.886935e+03) (-5.044767e-01 2.567588e+00 -4.681223e+00) (0.000000e+00 0.000000e+00 0.000000e+00))
0.0897222    	((1.559449e+02 1.340361e+03 -2.569712e-18) (6.411043e+00 1.263260e+00 2.382950e-20) (0.000000e+00 0.000000e+00 0.000000e+00)) ((-5.361444e+02 6.237796e+01 4.825216e+03) (-5.053041e-01 2.564417e+00 -4.670959e+00) (0.000000e+00 0.000000e+00 0.000000e+00))
0.0904167    	((1.013763e+02 1.495598e+03 -1.969339e-18) (6.407075e+00 1.265063e+00 1.441348e-20) (0.000000e+00 0.000000e+00 0.000000e+00)) ((-5.982391e+02 4.055052e+01 5.221011e+03) (-5.060252e-01 2.562830e+00 -4.668284e+00) (0.000000e+00 0.000000e+00 0.000000e+00))
0.0911111    	((1.487913e+02 1.338988e+03 -2.187030e-18) (6.399655e+00 1.267092e+00 1.937774e-20) (0.000000e+00 0.000000e+00 0.000000e+00)) ((-5.355953e+02 5.951652e+01 4.792788e+03) (-5.068370e-01 2.559862e+00 -4.657959e+00) (0.000000e+00 0.000000e+00 0.000000e+00))
0.0918056    	((1.116708e+02 1.393051e+03 -2.624460e-18) (6.394927e+00 1.269469e+00 1.970081e-20) (0.000000e+00 0.000000e+00 0.000000e+00)) ((-5.572202e+02 4.466831e+01 4.927290e+03) (-5.077876e-01 2.557971e+00 -4.650961e+00) (0.000000e+00 0.000000e+00 0.000000e+00))
0.0925       	((1.098628e+02 1.437019e+03 -2.312151e-18) (6.388708e+00 1.271175e+00 1.825854e-20) (0.000000e+00 0.000000e+00 0.000000e+00)) ((-5.748074e+02 4.394510e+01 5.026857e+03) (-5.084699e-01 2.555483e+00 -4.644614e+00) (0.000000e+00 0.000000e+00 0.000000e+00))
0.0931944    	((1.623200e+02 1.438871e+03 -1.457178e-18) (6.385160e+00 1.273567e+00 1.292276e-20) (0.000000e+00 0.000000e+00 0.000000e+00)) ((-5.755483e+02 6.492798e+01 5.017904e+03) (-5.094269e-01 2.554064e+00 -4.639896e+00) (0.000000e+00 0.000000e+00 0.000000e+00))
0.0938889    	((1.078126e+02 1.378526e+03 -2.659796e-18) (6.379547e+00 1.275029e+00 2.053235e-20) (0.000000e+00 0.000000e+00 0.000000e+00)) ((-5.514103e+02 4.312506e+01 4.846912e+03) (-5.100115e-01 2.551819e+00 -4.634409e+00) (0.000000e+00 0.000000e+00 0.000000e+00))
0.0945833    	((1.058596e+02 1.371192e+03 -2.599450e-18) (6.375772e+00 1.277105e+00 1.968990e-20) (0.000000e+00 0.000000e+00 0.000000e+00)) ((-5.484767e+02 4.234385e+01 4.823890e+03) (-5.108418e-01 2.550309e+00 -4.630819e+00) (0.000000e+00 0.000000e+00 0.000000e+00))
0.0952778    	((1.539203e+02 1.351624e+03 -2.415332e-18) (6.371156e+00 1.279065e+00 1.822644e-20) (0.000000e+00 0.000000e+00 0.000000e+00)) ((-5.406497e+02 6.156812e+01 4.771531e+03) (-5.116259e-01 2.548462e+00 -4.624326e+00) (0.000000e+00 0.000000e+00 0.000000e+00))
0.0959722    	((1.249318e+02 1.394020e+03 -1.728744e-18) (6.365107e+00 1.280890e+00 1.272931e-20) (0.000000e+00 0.000000e+00 0.000000e+00)) ((-5.576082e+02 4.997271e+01 4.833449e+03) (-5.123559e-01 2.546043e+00 -4.616918e+00) (0.000000e+00 0.000000e+00 0.000000e+00))
0.0966667    	((1.495550e+02 1.352032e+03 -2.263389e-18) (6.360616e+00 1.283269e+00 1.766986e-20) (0.000000e+00 0.000000e+00 0.000000e+00)) ((-5.408127e+02 5.982201e+01 4.784614e+03) (-5.133077e-01 2.544246e+00 -4.609423e+00) (0.000000e+00 0.000000e+00 0.000000e+00))
0.0973611    	((1.167358e+02 1.363049e+03 -2.325350e-18) (6.354959e+00 1.285376e+00 1.702169e-20) (0.000000e+00 0.000000e+00 0.000000e+00)) ((-5.452198e+02 4.669432e+01 4.755737e+03) (-5.141506e-01 2.541983e+00 -4.601104e+00) (0.000000e+00 0.000000e+00 0.000000e+00))
0.0980556    	((1.105623e+02 1.378896e+03 -2.497794e-18) (6.349297e+00 1.286760e+00 1.803052e-20) (0.000000e+00 0.000000e+00 0.000000e+00)) ((-5.515583e+02 4.422494e+01 4.788142e+03) (-5.147039e-01 2.539719e+00 -4.595884e+00) (0.000000e+00 0.000000e+00 0.000000e+00))
0.09875      	((1.233489e+02 1.366130e+03 -2.317389e-18) (6.342045e+00 1.289738e+00 1.697481e-20) (0.000000e+00 0.000000e+00 0.000000e+00)) ((-5.464519e+02 4.933956e+01 4.785945e+03) (-5.158952e-01 2.536818e+00 -4.583167e+00) (0.000000e+00 0.000000e+00 0.000000e+00))
0.0994444    	((1.349160e+02 1.360370e+03 -2.288228e-18) (6.336422e+00 1.291836e+00 1.740231e-20) (0.000000e+00 0.000000e+00 0.000000e+00)) ((-5.441480e+02 5.396640e+01 4.765619e+03) (-5.167345e-01 2.534569e+00 -4.575314e+00) (0.000000e+00 0.000000e+00 0.000000e+00))
0.100139     	((1.433716e+02 1.350846e+03 -2.110923e-18) (6.330606e+00 1.294377e+00 1.701578e-20) (0.000000e+00 0.000000e+00 0.000000e+00)) ((-5.403383e+02 5.734863e+01 4.713838e+03) (-5.177508e-01 2.532242e+00 -4.565304e+00) (0.000000e+00 0.000000e+00 0.000000e+00))
0.100833     	((1.386313e+02 1.333159e+03 -2.130779e-18) (6.328387e+00 1.296440e+00 1.633828e-20) (0.000000e+00 0.000000e+00 0.000000e+00)) ((-5.332638e+02 5.545250e+01 4.657723e+03) (-5.185758e-01 2.531355e+00 -4.563280e+00) (0.000000e+00 0.000000e+00 0.000000e+00))
0.101528     	((1.262579e+02 1.258445e+03 -1.972957e-18) (6.321419e+00 1.298146e+00 1.421104e-20) (0.000000e+00 0.000000e+00 0.000000e+00)) ((-5.033779e+02 5.050317e+01 4.461796e+03) (-5.192583e-01 2.528568e+00 -4.553986e+00) (0.000000e+00 0.000000e+00 0.000000e+00))
0.102222     	((1.328262e+02 1.406641e+03 -2.132671e-18) (6.316286e+00 1.300207e+00 1.677888e-20) (0.000000e+00 0.000000e+00 0.000000e+00)) ((-5.626562e+02 5.313048e+01 4.859572e+03) (-5.200830e-01 2.526514e+00 -4.547168e+00) (0.000000e+00 0.000000e+00 0.000000e+00))
0.102917     	((1.321798e+02 1.377124e+03 -2.429386e-18) (6.311161e+00 1.302890e+00 1.741619e-20) (0.000000e+00 0.000000e+00 0.000000e+00)) ((-5.508496e+02 5.287190e+01 4.779363e+03) (-5.211562e-01 2.524464e+00 -4.539143e+00) (0.000000e+00 0.000000e+00 0.000000e+00))
0.103611     	((1.324880e+02 1.330922e+03 -2.279742e-18) (6.305069e+00 1.304943e+00 1.743973e-20) (0.000000e+00 0.000000e+00 0.000000e+00)) ((-5.323687e+02 5.299521e+01 4.643222e+03) (-5.219770e-01 2.522028e+00 -4.531345e+00) (0.000000e+00 0.000000e+00 0.000000e+00))
0.104306     	((1.156963e+02 1.268015e+03 -2.315812e-18) (6.303410e+00 1.306523e+00 1.692651e-20) (0.000000e+00 0.000000e+00 0.000000e+00)) ((-5.072060e+02 4.627851e+01 4.488165e+03) (-5.226093e-01 2.521364e+00 -4.532661e+00) (0.000000e+00 0.000000e+00 0.000000e+00))
0.105        	((1.576481e+02 1.301122e+03 -1.625673e-18) (6.297432e+00 1.307216e+00 1.326239e-20) (0.000000e+00 0.000000e+00 0.000000e+00)) ((-5.204487e+02 6.305926e+01 4.591459e+03) (-5.228862e-01 2.518973e+00 -4.528693e+00) (0.000000e+00 0.000000e+00 0.000000e+00))
0.105694     	((1.504746e+02 1.306435e+03 -1.574563e-18) (6.295818e+00 1.308747e+00 1.184923e-20) (0.000000e+00 0.000000e+00 0.000000e+00)) ((-5.225742e+02 6.018982e+01 4.591061e+03) (-5.234989e-01 2.518327e+00 -4.529723e+00) (0.000000e+00 0.000000e+00 0.000000e+00))
0.106389     	((1.008672e+02 1.422727e+03 -2.770391e-18) (6.287338e+00 1.312334e+00 2.024308e-20) (0.000000e+00 0.000000e+00 0.000000e+00)) ((-5.690907e+02 4.034688e+01 4.867185e+03) (-5.249336e-01 2.514935e+00 -4.514832e+00) (0.000000e+00 0.000000e+00 0.000000e+00))
0.107083     	((2.036168e+02 1.093277e+03 -8.191304e-19) (6.282081e+00 1.313133e+00 8.642810e-21) (0.000000e+00 0.000000e+00 0.000000e+00)) ((-4.373107e+02 8.144673e+01 4.076794e+03) (-5.252531e-01 2.512833e+00 -4.512450e+00) (0.000000e+00 0.000000e+00 0.000000e+00))
0.107778     	((1.089096e+02 1.346126e+03 -2.555006e-18) (6.279238e+00 1.314519e+00 1.832230e-20) (0.000000e+00 0.000000e+00 0.000000e+00)) ((-5.384502e+02 4.356383e+01 4.690327e+03) (-5.258075e-01 2.511695e+00 -4.511814e+00) (0.000000e+00 0.000000e+00 0.000000e+00))
0.108472     	((1.100040e+02 1.363282e+03 -2.508460e-18) (6.271288e+00 1.317328e+00 1.894724e-20) (0.000000e+00 0.000000e+00 0.000000e+00)) ((-5.453128e+02 4.400158e+01 4.730075e+03) (-5.269312e-01 2.508515e+00 -4.500158e+00) (0.000000e+00 0.000000e+00 0.000000e+00))
0.109167     	((1.390247e+02 1.316945e+03 -2.242980e-18) (6.265607e+00 1.317933e+00 1.802297e-20) (0.000000e+00 0.000000e+00 0.000000e+00)) ((-5.267781e+02 5.560988e+01 4.629446e+03) (-5.271731e-01 2.506243e+00 -4.498828e+00) (0.000000e+00 0.000000e+00 0.000000e+00))
0.109861     	((1.562336e+02 1.204039e+03 -1.384257e-18) (6.263252e+00 1.318927e+00 1.030400e-20) (0.000000e+00 0.000000e+00 0.000000e+00)) ((-4.816154e+02 6.249343e+01 4.309738e+03) (-5.275708e-01 2.505301e+00 -4.500010e+00) (0.000000e+00 0.000000e+00 0.000000e+00))
0.110556     	((1.237837e+02 1.410557e+03 -1.950173e-18) (6.255297e+00 1.320400e+00 1.510331e-20) (0.000000e+00 0.000000e+00 0.000000e+00)) ((-5.642228e+02 4.951346e+01 4.855997e+03) (-5.281599e-01 2.502119e+00 -4.491989e+00) (0.000000e+00 0.000000e+00 0.000000e+00))
0.11125      	((1.264961e+02 1.391825e+03 -1.996684e-18) (6.252449e+00 1.322054e+00 1.475710e-20) (0.000000e+00 0.000000e+00 0.000000e+00)) ((-5.567302e+02 5.059843e+01 4.817906e+03) (-5.288216e-01 2.500980e+00 -4.492963e+00) (0.000000e+00 0.000000e+00 0.000000e+00))
0.111944     	((1.633472e+02 1.192690e+03 -1.932676e-18) (6.246076e+00 1.323294e+00 1.721895e-20) (0.000000e+00 0.000000e+00 0.000000e+00)) ((-4.770761e+02 6.533889e+01 4.284302e+03) (-5.293175e-01 2.498430e+00 -4.486753e+00) (0.000000e+00 0.000000e+00 0.000000e+00))
0.112639     	((1.238293e+02 1.269283e+03 -2.056632e-18) (6.244607e+00 1.324116e+00 1.714438e-20) (0.000000e+00 0.000000e+00 0.000000e+00)) ((-5.077133e+02 4.953173e+01 4.515617e+03) (-5.296466e-01 2.497843e+00 -4.490349e+00) (0.000000e+00 0.000000e+00 0.000000e+00))
0.113333     	((1.190256e+02 1.347598e+03 -2.335220e-18) (6.237411e+00 1.325775e+00 1.729879e-20) (0.000000e+00 0.000000e+00 0.000000e+00)) ((-5.390391e+02 4.761024e+01 4.697622e+03) (-5.303098e-01 2.494964e+00 -4.483158e+00) (0.000000e+00 0.000000e+00 0.000000e+00))
0.114028     	((1.254728e+02 1.365791e+03 -2.223972e-18) (6.228980e+00 1.327103e+00 1.705067e-20) (0.000000e+00 0.000000e+00 0.000000e+00)) ((-5.463164e+02 5.018914e+01 4.740745e+03) (-5.308410e-01 2.491592e+00 -4.474697e+00) (0.000000e+00 0.000000e+00 0.000000e+00))
0.114722     	((1.297936e+02 1.369255e+03 -2.051028e-18) (6.223998e+00 1.328942e+00 1.574350e-20) (0.000000e+00 0.000000e+00 0.000000e+00)) ((-5.477020e+02 5.191746e+01 4.749793e+03) (-5.315768e-01 2.489599e+00 -4.470254e+00) (0.000000e+00 0.000000e+00 0.000000e+00))
0.115417     	((1.360053e+02 1.364786e+03 -1.964585e-18) (6.218546e+00 1.332232e+00 1.549395e-20) (0.000000e+00 0.000000e+00 0.000000e+00)) ((-5.459146e+02 5.440210e+01 4.739875e+03) (-5.328926e-01 2.487418e+00 -4.460327e+00) (0.000000e+00 0.000000e+00 0.000000e+00))
0.116111     	((2.016400e+02 1.236389e+03 -7.270956e-19) (6.212415e+00 1.333951e+00 8.108006e-21) (0.000000e+00 0.000000e+00 0.000000e+00)) ((-4.945555e+02 8.065601e+01 4.378479e+03) (-5.335802e-01 2.484966e+00 -4.453316e+00) (0.000000e+00 0.000000e+00 0.000000e+00))
0.116806     	((1.281463e+02 1.372388e+03 -2.047918e-18) (6.208388e+00 1.336163e+00 1.530190e-20) (0.000000e+00 0.000000e+00 0.000000e+00)) ((-5.489551e+02 5.125852e+01 4.775300e+03) (-5.344652e-01 2.483355e+00 -4.447188e+00) (0.000000e+00 0.000000e+00 0.000000e+00))
0.1175       	((1.273676e+02 1.381858e+03 -2.028586e-18) (6.202390e+00 1.338138e+00 1.567068e-20) (0.000000e+00 0.000000e+00 0.000000e+00)) ((-5.527431e+02 5.094704e+01 4.794551e+03) (-5.352553e-01 2.480956e+00 -4.440114e+00) (0.000000e+00 0.000000e+00 0.000000e+00))
0.118194     	((1.385484e+02 1.364761e+03 -1.982538e-18) (6.193019e+00 1.340898e+00 1.612765e-20) (0.000000e+00 0.000000e+00 0.000000e+00)) ((-5.459043e+02 5.541936e+01 4.730992e+03) (-5.363592e-01 2.477208e+00 -4.424886e+00) (0.000000e+00 0.000000e+00 0.000000e+00))
0.118889     	((1.423507e+02 1.339482e+03 -1.910167e-18) (6.187122e+00 1.344327e+00 1.603104e-20) (0.000000e+00 0.000000e+00 0.000000e+00)) ((-5.357930e+02 5.694026e+01 4.678164e+03) (-5.377308e-01 2.474849e+00 -4.411985e+00) (0.000000e+00 0.000000e+00 0.000000e+00))
0.119583     	((1.447173e+02 1.352614e+03 -1.961552e-18) (6.180110e+00 1.346029e+00 1.627657e-20) (0.000000e+00 0.000000e+00 0.000000e+00)) ((-5.410458e+02 5.788692e+01 4.706075e+03) (-5.384117e-01 2.472044e+00 -4.402893e+00) (0.000000e+00 0.000000e+00 0.000000e+00))
0.120278     	((1.403801e+02 1.347721e+03 -2.025713e-18) (6.174738e+00 1.348803e+00 1.638581e-20) (0.000000e+00 0.000000e+00 0.000000e+00)) ((-5.390884e+02 5.615202e+01 4.696775e+03) (-5.395213e-01 2.469895e+00 -4.393046e+00) (0.000000e+00 0.000000e+00 0.000000e+00))
0.120972     	((1.365772e+02 1.351895e+03 -2.069369e-18) (6.169108e+00 1.353055e+00 1.655908e-20) (0.000000e+00 0.000000e+00 0.000000e+00)) ((-5.407578e+02 5.463089e+01 4.707406e+03) (-5.412222e-01 2.467643e+00 -4.378058e+00) (0.000000e+00 0.000000e+00 0.000000e+00))
0.121667     	((1.478997e+02 1.467024e+03 -1.465671e-18) (6.161186e+00 1.355315e+00 1.046857e-20) (0.000000e+00 0.000000e+00 0.000000e+00)) ((-5.868097e+02 5.915988e+01 4.977625e+03) (-5.421261e-01 2.464474e+00 -4.365534e+00) (0.000000e+00 0.000000e+00 0.000000e+00))
0.122361     	((1.390682e+02 1.308417e+03 -2.576285e-18) (6.156413e+00 1.358699e+00 2.157760e-20) (0.000000e+00 0.000000e+00 0.000000e+00)) ((-5.233670e+02 5.562729e+01 4.581679e+03) (-5.434796e-01 2.462565e+00 -4.354111e+00) (0.000000e+00 0.000000e+00 0.000000e+00))
0.123056     	((1.458891e+02 1.374790e+03 -1.706900e-18) (6.148751e+00 1.362306e+00 1.394158e-20) (0.000000e+00 0.000000e+00 0.000000e+00)) ((-5.499159e+02 5.835563e+01 4.760858e+03) (-5.449222e-01 2.459500e+00 -4.336033e+00) (0.000000e+00 0.000000e+00 0.000000e+00))
0.12375      	((1.459926e+02 1.385087e+03 -1.900698e-18) (6.140740e+00 1.365872e+00 1.518151e-20) (0.000000e+00 0.000000e+00 0.000000e+00)) ((-5.540350e+02 5.839706e+01 4.790785e+03) (-5.463489e-01 2.456296e+00 -4.317813e+00) (0.000000e+00 0.000000e+00 0.000000e+00))
0.124444     	((1.460145e+02 1.381531e+03 -1.844633e-18) (6.137336e+00 1.368627e+00 1.437390e-20) (0.000000e+00 0.000000e+00 0.000000e+00)) ((-5.526122e+02 5.840581e+01 4.778576e+03) (-5.474509e-01 2.454934e+00 -4.310035e+00) (0.000000e+00 0.000000e+00 0.000000e+00))
0.125139     	((1.519688e+02 1.392045e+03 -1.778396e-18) (6.132531e+00 1.373102e+00 1.393900e-20) (0.000000e+00 0.000000e+00 0.000000e+00)) ((-5.568180e+02 6.078750e+01 4.787470e+03) (-5.492408e-01 2.453012e+00 -4.294172e+00) (0.000000e+00 0.000000e+00 0.000000e+00))
0.125833     	((1.580657e+02 1.405644e+03 -1.822983e-18) (6.125241e+00 1.375942e+00 1.434692e-20) (0.000000e+00 0.000000e+00 0.000000e+00)) ((-5.622577e+02 6.322626e+01 4.812746e+03) (-5.503768e-01 2.450096e+00 -4.278456e+00) (0.000000e+00 0.000000e+00 0.000000e+00))
0.126528     	((1.590194e+02 1.403433e+03 -1.754087e-18) (6.120314e+00 1.379776e+00 1.369926e-20) (0.000000e+00 0.000000e+00 0.000000e+00)) ((-5.613733e+02 6.360774e+01 4.809317e+03) (-5.519102e-01 2.448125e+00 -4.263545e+00) (0.000000e+00 0.000000e+00 0.000000e+00))
0.127222     	((1.612010e+02 1.408017e+03 -1.702657e-18) (6.114476e+00 1.384495e+00 1.326351e-20) (0.000000e+00 0.000000e+00 0.000000e+00)) ((-5.632067e+02 6.448038e+01 4.823041e+03) (-5.537980e-01 2.445791e+00 -4.243944e+00) (0.000000e+00 0.000000e+00 0.000000e+00))
0.127917     	((1.606228e+02 1.412924e+03 -1.765683e-18) (6.108842e+00 1.386937e+00 1.387823e-20) (0.000000e+00 0.000000e+00 0.000000e+00)) ((-5.651695e+02 6.424912e+01 4.834985e+03) (-5.547749e-01 2.443537e+00 -4.231384e+00) (0.000000e+00 0.000000e+00 0.000000e+00))
0.128611     	((1.539623e+02 1.405590e+03 -1.818823e-18) (6.105501e+00 1.390617e+00 1.305533e-20) (0.000000e+00 0.000000e+00 0.000000e+00)) ((-5.622360e+02 6.158491e+01 4.815379e+03) (-5.562466e-01 2.442200e+00 -4.219173e+00) (0.000000e+00 0.000000e+00 0.000000e+00))
0.129306     	((1.038673e+02 1.420725e+03 -3.135347e-18) (6.096263e+00 1.394943e+00 2.255368e-20) (0.000000e+00 0.000000e+00 0.000000e+00)) ((-5.682900e+02 4.154694e+01 4.859882e+03) (-5.579772e-01 2.438505e+00 -4.195471e+00) (0.000000e+00 0.000000e+00 0.000000e+00))
0.13         	((2.050578e+02 1.359752e+03 -8.389489e-19) (6.094488e+00 1.398831e+00 6.431407e-21) (0.000000e+00 0.000000e+00 0.000000e+00)) ((-5.439008e+02 8.202314e+01 4.682378e+03) (-5.595324e-01 2.437795e+00 -4.183563e+00) (0.000000e+00 0.000000e+00 0.000000e+00))
0.130694     	((1.407394e+02 1.507108e+03 -2.191914e-18) (6.086767e+00 1.403009e+00 1.480872e-20) (0.000000e+00 0.000000e+00 0.000000e+00)) ((-6.028433e+02 5.629576e+01 5.055058e+03) (-5.612036e-01 2.434707e+00 -4.162234e+00) (0.000000e+00 0.000000e+00 0.000000e+00))
0.131389     	((1.432491e+02 1.426699e+03 -1.912140e-18) (6.079590e+00 1.407124e+00 1.435740e-20) (0.000000e+00 0.000000e+00 0.000000e+00)) ((-5.706796e+02 5.729963e+01 4.883541e+03) (-5.628497e-01 2.431836e+00 -4.142472e+00) (0.000000e+00 0.000000e+00 0.000000e+00))
0.132083     	((1.643566e+02 1.344804e+03 -2.118383e-18) (6.075698e+00 1.411151e+00 1.518758e-20) (0.000000e+00 0.000000e+00 0.000000e+00)) ((-5.379214e+02 6.574262e+01 4.658297e+03) (-5.644603e-01 2.430279e+00 -4.126814e+00) (0.000000e+00 0.000000e+00 0.000000e+00))
0.132778     	((1.587335e+02 1.351152e+03 -1.961857e-18) (6.066739e+00 1.414769e+00 1.537812e-20) (0.000000e+00 0.000000e+00 0.000000e+00)) ((-5.404607e+02 6.349341e+01 4.640704e+03) (-5.659074e-01 2.426695e+00 -4.103041e+00) (0.000000e+00 0.000000e+00 0.000000e+00))
0.133472     	((1.612162e+02 1.382681e+03 -1.905624e-18) (6.062701e+00 1.419802e+00 1.385308e-20) (0.000000e+00 0.000000e+00 0.000000e+00)) ((-5.530723e+02 6.448646e+01 4.745432e+03) (-5.679210e-01 2.425080e+00 -4.084197e+00) (0.000000e+00 0.000000e+00 0.000000e+00))
0.134167     	((1.659511e+02 1.550385e+03 -1.517645e-18) (6.053529e+00 1.423965e+00 9.995698e-21) (0.000000e+00 0.000000e+00 0.000000e+00)) ((-6.201542e+02 6.638045e+01 5.190414e+03) (-5.695860e-01 2.421411e+00 -4.058834e+00) (0.000000e+00 0.000000e+00 0.000000e+00))
0.134861     	((1.553289e+02 1.409002e+03 -2.025930e-18) (6.048572e+00 1.428057e+00 1.310842e-20) (0.000000e+00 0.000000e+00 0.000000e+00)) ((-5.636008e+02 6.213157e+01 4.772098e+03) (-5.712226e-01 2.419429e+00 -4.042232e+00) (0.000000e+00 0.000000e+00 0.000000e+00))
0.135556     	((1.652311e+02 1.401904e+03 -1.857069e-18) (6.041510e+00 1.432153e+00 1.413483e-20) (0.000000e+00 0.000000e+00 0.000000e+00)) ((-5.607615e+02 6.609242e+01 4.771660e+03) (-5.728613e-01 2.416604e+00 -4.020918e+00) (0.000000e+00 0.000000e+00 0.000000e+00))
0.13625      	((1.666594e+02 1.399152e+03 -1.885227e-18) (6.034992e+00 1.434815e+00 1.360334e-20) (0.000000e+00 0.000000e+00 0.000000e+00)) ((-5.596607e+02 6.666376e+01 4.779035e+03) (-5.739261e-01 2.413997e+00 -4.004114e+00) (0.000000e+00 0.000000e+00 0.000000e+00))
0.136944     	((1.624866e+02 1.392123e+03 -1.999642e-18) (6.031918e+00 1.438308e+00 1.360978e-20) (0.000000e+00 0.000000e+00 0.000000e+00)) ((-5.568494e+02 6.499462e+01 4.771878e+03) (-5.753232e-01 2.412767e+00 -3.991231e+00) (0.000000e+00 0.000000e+00 0.000000e+00))
0.137639     	((1.535722e+02 1.412813e+03 -2.078599e-18) (6.026486e+00 1.441146e+00 1.447076e-20) (0.000000e+00 0.000000e+00 0.000000e+00)) ((-5.651252e+02 6.142887e+01 4.818752e+03) (-5.764586e-01 2.410594e+00 -3.976411e+00) (0.000000e+00 0.000000e+00 0.000000e+00))
0.138333     	((1.482769e+02 1.413339e+03 -2.119911e-18) (6.022504e+00 1.444709e+00 1.360626e-20) (0.000000e+00 0.000000e+00 0.000000e+00)) ((-5.653355e+02 5.931075e+01 4.818721e+03) (-5.778838e-01 2.409001e+00 -3.962436e+00) (0.000000e+00 0.000000e+00 0.000000e+00))
0.139028     	((1.658452e+02 1.455098e+03 -1.980835e-18) (6.014842e+00 1.448502e+00 1.368506e-20) (0.000000e+00 0.000000e+00 0.000000e+00)) ((-5.820393e+02 6.633807e+01 4.918272e+03) (-5.794008e-01 2.405937e+00 -3.940884e+00) (0.000000e+00 0.000000e+00 0.000000e+00))
0.139722     	((1.579224e+02 1.447440e+03 -1.869175e-18) (6.012377e+00 1.452111e+00 1.269190e-20) (0.000000e+00 0.000000e+00 0.000000e+00)) ((-5.789758e+02 6.316895e+01 4.880347e+03) (-5.808444e-01 2.404951e+00 -3.929401e+00) (0.000000e+00 0.000000e+00 0.000000e+00))
0.140417     	((1.713961e+02 1.428028e+03 -1.871092e-18) (6.005669e+00 1.456024e+00 1.285775e-20) (0.000000e+00 0.000000e+00 0.000000e+00)) ((-5.712112e+02 6.855845e+01 4.871889e+03) (-5.824095e-01 2.402268e+00 -3.908965e+00) (0.000000e+00 0.000000e+00 0.000000e+00))
0.141111     	((1.710677e+02 1.423670e+03 -1.836076e-18) (5.998902e+00 1.458845e+00 1.282671e-20) (0.000000e+00 0.000000e+00 0.000000e+00)) ((-5.694679e+02 6.842706e+01 4.832283e+03) (-5.835381e-01 2.399561e+00 -3.891078e+00) (0.000000e+00 0.000000e+00 0.000000e+00))
0.141806     	((1.663049e+02 1.415511e+03 -1.876635e-18) (5.991634e+00 1.462375e+00 1.257842e-20) (0.000000e+00 0.000000e+00 0.000000e+00)) ((-5.662045e+02 6.652194e+01 4.801572e+03) (-5.849501e-01 2.396654e+00 -3.870665e+00) (0.000000e+00 0.000000e+00 0.000000e+00))
0.1425       	((1.638426e+02 1.407308e+03 -1.858537e-18) (5.987040e+00 1.465438e+00 1.193490e-20) (0.000000e+00 0.000000e+00 0.000000e+00)) ((-5.629232e+02 6.553702e+01 4.788227e+03) (-5.861753e-01 2.394816e+00 -3.856345e+00) (0.000000e+00 0.000000e+00 0.000000e+00))
0.143194     	((1.656135e+02 1.408461e+03 -1.870063e-18) (5.980251e+00 1.470025e+00 1.200000e-20) (0.000000e+00 0.000000e+00 0.000000e+00)) ((-5.633844e+02 6.624541e+01 4.800436e+03) (-5.880101e-01 2.392101e+00 -3.833377e+00) (0.000000e+00 0.000000e+00 0.000000e+00))
0.143889     	((1.704676e+02 1.418717e+03 -1.894836e-18) (5.973715e+00 1.472543e+00 1.290725e-20) (0.000000e+00 0.000000e+00 0.000000e+00)) ((-5.674869e+02 6.818703e+01 4.833712e+03) (-5.890171e-01 2.389486e+00 -3.816919e+00) (0.000000e+00 0.000000e+00 0.000000e+00))
0.144583     	((1.696576e+02 1.417342e+03 -1.891805e-18) (5.968824e+00 1.476746e+00 1.199737e-20) (0.000000e+00 0.000000e+00 0.000000e+00)) ((-5.669368e+02 6.786303e+01 4.832523e+03) (-5.906986e-01 2.387529e+00 -3.798274e+00) (0.000000e+00 0.000000e+00 0.000000e+00))
0.145278     	((1.719714e+02 1.430686e+03 -1.877547e-18) (5.959900e+00 1.480092e+00 1.197688e-20) (0.000000e+00 0.000000e+00 0.000000e+00)) ((-5.722743e+02 6.878855e+01 4.858474e+03) (-5.920370e-01 2.383960e+00 -3.774985e+00) (0.000000e+00 0.000000e+00 0.000000e+00))
0.145972     	((1.688008e+02 1.429346e+03 -1.862282e-18) (5.955566e+00 1.483819e+00 1.172486e-20) (0.000000e+00 0.000000e+00 0.000000e+00)) ((-5.717383e+02 6.752034e+01 4.844920e+03) (-5.935278e-01 2.382226e+00 -3.758823e+00) (0.000000e+00 0.000000e+00 0.000000e+00))
0.146667     	((1.700561e+02 1.436599e+03 -1.899793e-18) (5.949401e+00 1.486321e+00 1.229534e-20) (0.000000e+00 0.000000e+00 0.000000e+00)) ((-5.746396e+02 6.802245e+01 4.856454e+03) (-5.945285e-01 2.379760e+00 -3.743083e+00) (0.000000e+00 0.000000e+00 0.000000e+00))
0.147361     	((1.696947e+02 1.439747e+03 -1.878879e-18) (5.948623e+00 1.489394e+00 1.181012e-20) (0.000000e+00 0.000000e+00 0.000000e+00)) ((-5.758988e+02 6.787788e+01 4.864602e+03) (-5.957575e-01 2.379449e+00 -3.735256e+00) (0.000000e+00 0.000000e+00 0.000000e+00))
0.148056     	((1.729140e+02 1.442187e+03 -1.962393e-18) (5.941118e+00 1.491604e+00 1.254220e-20) (0.000000e+00 0.000000e+00 0.000000e+00)) ((-5.768747e+02 6.916559e+01 4.872723e+03) (-5.966418e-01 2.376447e+00 -3.717754e+00) (0.000000e+00 0.000000e+00 0.000000e+00))
0.14875      	((1.749912e+02 1.446722e+03 -1.922987e-18) (5.936436e+00 1.494723e+00 1.233334e-20) (0.000000e+00 0.000000e+00 0.000000e+00)) ((-5.786886e+02 6.999648e+01 4.890199e+03) (-5.978893e-01 2.374575e+00 -3.702405e+00) (0.000000e+00 0.000000e+00 0.000000e+00))
0.149444     	((1.763980e+02 1.445434e+03 -1.936545e-18) (5.929107e+00 1.499009e+00 1.281767e-20) (0.000000e+00 0.000000e+00 0.000000e+00)) ((-5.781734e+02 7.055920e+01 4.885948e+03) (-5.996036e-01 2.371643e+00 -3.678633e+00) (0.000000e+00 0.000000e+00 0.000000e+00))
0.150139     	((1.765893e+02 1.444281e+03 -1.962239e-18) (5.922471e+00 1.501560e+00 1.241807e-20) (0.000000e+00 0.000000e+00 0.000000e+00)) ((-5.777124e+02 7.063572e+01 4.880336e+03) (-6.006241e-01 2.368988e+00 -3.661234e+00) (0.000000e+00 0.000000e+00 0.000000e+00))
0.150833     	((1.710264e+02 1.427303e+03 -1.970450e-18) (5.922978e+00 1.503761e+00 1.184236e-20) (0.000000e+00 0.000000e+00 0.000000e+00)) ((-5.709213e+02 6.841057e+01 4.834797e+03) (-6.015044e-01 2.369191e+00 -3.657592e+00) (0.000000e+00 0.000000e+00 0.000000e+00))
0.151528     	((1.752364e+02 1.431380e+03 -2.039718e-18) (5.912850e+00 1.506643e+00 1.261001e-20) (0.000000e+00 0.000000e+00 0.000000e+00)) ((-5.725521e+02 7.009455e+01 4.840201e+03) (-6.026574e-01 2.365140e+00 -3.632651e+00) (0.000000e+00 0.000000e+00 0.000000e+00))
0.152222     	((1.746789e+02 1.417581e+03 -2.013589e-18) (5.909356e+00 1.510727e+00 1.219705e-20) (0.000000e+00 0.000000e+00 0.000000e+00)) ((-5.670324e+02 6.987156e+01 4.805603e+03) (-6.042906e-01 2.363742e+00 -3.615718e+00) (0.000000e+00 0.000000e+00 0.000000e+00))
0.152917     	((1.786225e+02 1.423609e+03 -2.009230e-18) (5.901738e+00 1.512765e+00 1.236508e-20) (0.000000e+00 0.000000e+00 0.000000e+00)) ((-5.694435e+02 7.144902e+01 4.819590e+03) (-6.051059e-01 2.360695e+00 -3.597294e+00) (0.000000e+00 0.000000e+00 0.000000e+00))
0.153611     	((1.796653e+02 1.421359e+03 -2.018077e-18) (5.897442e+00 1.516072e+00 1.287388e-20) (0.000000e+00 0.000000e+00 0.000000e+00)) ((-5.685438e+02 7.186613e+01 4.811941e+03) (-6.064287e-01 2.358977e+00 -3.580794e+00) (0.000000e+00 0.000000e+00 0.000000e+00))
0.154306     	((1.807979e+02 1.422214e+03 -2.008243e-18) (5.892053e+00 1.518619e+00 1.228707e-20) (0.000000e+00 0.000000e+00 0.000000e+00)) ((-5.688855e+02 7.231916e+01 4.813014e+03) (-6.074476e-01 2.356821e+00 -3.564469e+00) (0.000000e+00 0.000000e+00 0.000000e+00))
0.155        	((1.834799e+02 1.429140e+03 -2.023031e-18) (5.887722e+00 1.520958e+00 1.310459e-20) (0.000000e+00 0.000000e+00 0.000000e+00)) ((-5.716559e+02 7.339197e+01 4.828821e+03) (-6.083831e-01 2.355089e+00 -3.550499e+00) (0.000000e+00 0.000000e+00 0.000000e+00))
0.155694     	((1.822196e+02 1.423924e+03 -2.023351e-18) (5.885952e+00 1.523241e+00 1.239004e-20) (0.000000e+00 0.000000e+00 0.000000e+00)) ((-5.695696e+02 7.288784e+01 4.813819e+03) (-6.092963e-01 2.354381e+00 -3.541138e+00) (0.000000e+00 0.000000e+00 0.000000e+00))
0.156389     	((1.848054e+02 1.431550e+03 -2.050140e-18) (5.882138e+00 1.525875e+00 1.330023e-20) (0.000000e+00 0.000000e+00 0.000000e+00)) ((-5.726199e+02 7.392217e+01 4.828816e+03) (-6.103502e-01 2.352855e+00 -3.526970e+00) (0.000000e+00 0.000000e+00 0.000000e+00))
0.157083     	((1.840475e+02 1.431241e+03 -2.040812e-18) (5.879122e+00 1.528382e+00 1.253073e-20) (0.000000e+00 0.000000e+00 0.000000e+00)) ((-5.724965e+02 7.361898e+01 4.825961e+03) (-6.113526e-01 2.351649e+00 -3.514521e+00) (0.000000e+00 0.000000e+00 0.000000e+00))
0.157778     	((1.837974e+02 1.430440e+03 -2.050247e-18) (5.874206e+00 1.532230e+00 1.281386e-20) (0.000000e+00 0.000000e+00 0.000000e+00)) ((-5.721761e+02 7.351896e+01 4.821645e+03) (-6.128919e-01 2.349682e+00 -3.494572e+00) (0.000000e+00 0.000000e+00 0.000000e+00))
0.158472     	((1.867287e+02 1.440295e+03 -2.037666e-18) (5.868345e+00 1.534187e+00 1.253913e-20) (0.000000e+00 0.000000e+00 0.000000e+00)) ((-5.761179e+02 7.469147e+01 4.844843e+03) (-6.136748e-01 2.347338e+00 -3.478508e+00) (0.000000e+00 0.000000e+00 0.000000e+00))
0.159167     	((1.856273e+02 1.435513e+03 -2.055484e-18) (5.865367e+00 1.537412e+00 1.254419e-20) (0.000000e+00 0.000000e+00 0.000000e+00)) ((-5.742052e+02 7.425091e+01 4.830390e+03) (-6.149648e-01 2.346147e+00 -3.463689e+00) (0.000000e+00 0.000000e+00 0.000000e+00))
0.159861     	((1.902498e+02 1.446422e+03 -2.080911e-18) (5.860890e+00 1.540466e+00 1.340830e-20) (0.000000e+00 0.000000e+00 0.000000e+00)) ((-5.785687e+02 7.609993e+01 4.850929e+03) (-6.161866e-01 2.344356e+00 -3.446594e+00) (0.000000e+00 0.000000e+00 0.000000e+00))
0.160556     	((1.877241e+02 1.439936e+03 -2.074844e-18) (5.860013e+00 1.542502e+00 1.385572e-20) (0.000000e+00 0.000000e+00 0.000000e+00)) ((-5.759745e+02 7.508962e+01 4.833598e+03) (-6.170006e-01 2.344005e+00 -3.438878e+00) (0.000000e+00 0.000000e+00 0.000000e+00))
0.16125      	((1.887393e+02 1.437215e+03 -2.106267e-18) (5.854093e+00 1.544767e+00 1.325011e-20) (0.000000e+00 0.000000e+00 0.000000e+00)) ((-5.748859e+02 7.549573e+01 4.823425e+03) (-6.179070e-01 2.341637e+00 -3.421323e+00) (0.000000e+00 0.000000e+00 0.000000e+00))
0.161944     	((1.895760e+02 1.436636e+03 -2.077716e-18) (5.854086e+00 1.546795e+00 1.259835e-20) (0.000000e+00 0.000000e+00 0.000000e+00)) ((-5.746544e+02 7.583039e+01 4.822093e+03) (-6.187180e-01 2.341634e+00 -3.414920e+00) (0.000000e+00 0.000000e+00 0.000000e+00))
0.162639     	((1.914256e+02 1.429113e+03 -2.124232e-18) (5.851177e+00 1.548283e+00 1.358447e-20) (0.000000e+00 0.000000e+00 0.000000e+00)) ((-5.716451e+02 7.657023e+01 4.801050e+03) (-6.193132e-01 2.340471e+00 -3.404631e+00) (0.000000e+00 0.000000e+00 0.000000e+00))
0.163333     	((1.941084e+02 1.424457e+03 -2.097480e-18) (5.850348e+00 1.549931e+00 1.279848e-20) (0.000000e+00 0.000000e+00 0.000000e+00)) ((-5.697827e+02 7.764335e+01 4.788135e+03) (-6.199724e-01 2.340139e+00 -3.397294e+00) (0.000000e+00 0.000000e+00 0.000000e+00))
0.164028     	((1.963727e+02 1.419130e+03 -2.090249e-18) (5.845966e+00 1.553383e+00 1.256094e-20) (0.000000e+00 0.000000e+00 0.000000e+00)) ((-5.676519e+02 7.854907e+01 4.768852e+03) (-6.213531e-01 2.338387e+00 -3.377865e+00) (0.000000e+00 0.000000e+00 0.000000e+00))
0.164722     	((2.003041e+02 1.420501e+03 -2.042354e-18) (5.841968e+00 1.555309e+00 1.229520e-20) (0.000000e+00 0.000000e+00 0.000000e+00)) ((-5.682003e+02 8.012165e+01 4.763504e+03) (-6.221235e-01 2.336787e+00 -3.363428e+00) (0.000000e+00 0.000000e+00 0.000000e+00))
0.165417     	((2.000251e+02 1.410272e+03 -2.090607e-18) (5.839878e+00 1.558327e+00 1.322611e-20) (0.000000e+00 0.000000e+00 0.000000e+00)) ((-5.641086e+02 8.001003e+01 4.729346e+03) (-6.233310e-01 2.335951e+00 -3.348899e+00) (0.000000e+00 0.000000e+00 0.000000e+00))
0.166111     	((2.025295e+02 1.415831e+03 -2.048039e-18) (5.838126e+00 1.560387e+00 1.306154e-20) (0.000000e+00 0.000000e+00 0.000000e+00)) ((-5.663324e+02 8.101181e+01 4.741829e+03) (-6.241547e-01 2.335250e+00 -3.337682e+00) (0.000000e+00 0.000000e+00 0.000000e+00))
0.166806     	((2.033417e+02 1.412354e+03 -2.090231e-18) (5.833596e+00 1.563087e+00 1.324840e-20) (0.000000e+00 0.000000e+00 0.000000e+00)) ((-5.649415e+02 8.133667e+01 4.732598e+03) (-6.252349e-01 2.333438e+00 -3.319423e+00) (0.000000e+00 0.000000e+00 0.000000e+00))
0.1675       	((2.057072e+02 1.417483e+03 -2.079452e-18) (5.832501e+00 1.564958e+00 1.317520e-20) (0.000000e+00 0.000000e+00 0.000000e+00)) ((-5.669933e+02 8.228289e+01 4.746724e+03) (-6.259832e-01 2.333000e+00 -3.309736e+00) (0.000000e+00 0.000000e+00 0.000000e+00))
0.168194     	((2.045424e+02 1.411242e+03 -2.132169e-18) (5.829212e+00 1.567978e+00 1.330463e-20) (0.000000e+00 0.000000e+00 0.000000e+00)) ((-5.644968e+02 8.181696e+01 4.729292e+03) (-6.271912e-01 2.331685e+00 -3.292591e+00) (0.000000e+00 0.000000e+00 0.000000e+00))
0.168889     	((2.054530e+02 1.413695e+03 -2.149830e-18) (5.826944e+00 1.569926e+00 1.365624e-20) (0.000000e+00 0.000000e+00 0.000000e+00)) ((-5.654781e+02 8.218120e+01 4.732836e+03) (-6.279704e-01 2.330778e+00 -3.280564e+00) (0.000000e+00 0.000000e+00 0.000000e+00))
0.169583     	((2.065085e+02 1.415612e+03 -2.178256e-18) (5.825477e+00 1.571359e+00 1.347332e-20) (0.000000e+00 0.000000e+00 0.000000e+00)) ((-5.662447e+02 8.260341e+01 4.731744e+03) (-6.285435e-01 2.330191e+00 -3.271625e+00) (0.000000e+00 0.000000e+00 0.000000e+00))
0.170278     	((2.056822e+02 1.409820e+03 -2.200386e-18) (5.824326e+00 1.574361e+00 1.319812e-20) (0.000000e+00 0.000000e+00 0.000000e+00)) ((-5.639279e+02 8.227289e+01 4.710999e+03) (-6.297443e-01 2.329730e+00 -3.258735e+00) (0.000000e+00 0.000000e+00 0.000000e+00))
0.170972     	((2.088270e+02 1.413155e+03 -2.211422e-18) (5.822429e+00 1.575688e+00 1.311401e-20) (0.000000e+00 0.000000e+00 0.000000e+00)) ((-5.652620e+02 8.353081e+01 4.711010e+03) (-6.302754e-01 2.328972e+00 -3.249569e+00) (0.000000e+00 0.000000e+00 0.000000e+00))
0.171667     	((2.092054e+02 1.410701e+03 -2.191517e-18) (5.824834e+00 1.576915e+00 1.277997e-20) (0.000000e+00 0.000000e+00 0.000000e+00)) ((-5.642805e+02 8.368218e+01 4.700055e+03) (-6.307660e-01 2.329933e+00 -3.248509e+00) (0.000000e+00 0.000000e+00 0.000000e+00))
0.172361     	((2.105381e+02 1.406331e+03 -2.238080e-18) (5.822986e+00 1.578119e+00 1.280564e-20) (0.000000e+00 0.000000e+00 0.000000e+00)) ((-5.625325e+02 8.421525e+01 4.683710e+03) (-6.312477e-01 2.329194e+00 -3.239900e+00) (0.000000e+00 0.000000e+00 0.000000e+00))
0.173056     	((2.133030e+02 1.408931e+03 -2.215690e-18) (5.820456e+00 1.578773e+00 1.292897e-20) (0.000000e+00 0.000000e+00 0.000000e+00)) ((-5.635726e+02 8.532121e+01 4.685785e+03) (-6.315094e-01 2.328182e+00 -3.231791e+00) (0.000000e+00 0.000000e+00 0.000000e+00))
0.17375      	((2.100342e+02 1.395252e+03 -2.168968e-18) (5.823685e+00 1.580685e+00 1.244102e-20) (0.000000e+00 0.000000e+00 0.000000e+00)) ((-5.581007e+02 8.401367e+01 4.655704e+03) (-6.322740e-01 2.329474e+00 -3.230226e+00) (0.000000e+00 0.000000e+00 0.000000e+00))
0.174444     	((2.151017e+02 1.396789e+03 -2.246052e-18) (5.821151e+00 1.580477e+00 1.343894e-20) (0.000000e+00 0.000000e+00 0.000000e+00)) ((-5.587157e+02 8.604068e+01 4.659008e+03) (-6.321906e-01 2.328461e+00 -3.224726e+00) (0.000000e+00 0.000000e+00 0.000000e+00))
0.175139     	((2.146194e+02 1.386173e+03 -2.268527e-18) (5.821828e+00 1.582528e+00 1.352747e-20) (0.000000e+00 0.000000e+00 0.000000e+00)) ((-5.544692e+02 8.584775e+01 4.629368e+03) (-6.330113e-01 2.328731e+00 -3.218292e+00) (0.000000e+00 0.000000e+00 0.000000e+00))
0.175833     	((2.159606e+02 1.385847e+03 -2.222811e-18) (5.820768e+00 1.582785e+00 1.266410e-20) (0.000000e+00 0.000000e+00 0.000000e+00)) ((-5.543389e+02 8.638424e+01 4.626385e+03) (-6.331140e-01 2.328307e+00 -3.214124e+00) (0.000000e+00 0.000000e+00 0.000000e+00))
0.176528     	((2.150971e+02 1.374593e+03 -2.283616e-18) (5.819928e+00 1.584209e+00 1.239661e-20) (0.000000e+00 0.000000e+00 0.000000e+00)) ((-5.498371e+02 8.603884e+01 4.593028e+03) (-6.336836e-01 2.327971e+00 -3.206946e+00) (0.000000e+00 0.000000e+00 0.000000e+00))
0.177222     	((2.197552e+02 1.380799e+03 -2.305926e-18) (5.813873e+00 1.584872e+00 1.342080e-20) (0.000000e+00 0.000000e+00 0.000000e+00)) ((-5.523198e+02 8.790209e+01 4.600643e+03) (-6.339487e-01 2.325549e+00 -3.192875e+00) (0.000000e+00 0.000000e+00 0.000000e+00))
0.177917     	((2.180836e+02 1.371097e+03 -2.335663e-18) (5.817746e+00 1.586398e+00 1.444502e-20) (0.000000e+00 0.000000e+00 0.000000e+00)) ((-5.484388e+02 8.723343e+01 4.569069e+03) (-6.345592e-01 2.327099e+00 -3.193939e+00) (0.000000e+00 0.000000e+00 0.000000e+00))
0.178611     	((2.222564e+02 1.375343e+03 -2.359093e-18) (5.815134e+00 1.586960e+00 1.379943e-20) (0.000000e+00 0.000000e+00 0.000000e+00)) ((-5.501371e+02 8.890255e+01 4.571560e+03) (-6.347840e-01 2.326054e+00 -3.186384e+00) (0.000000e+00 0.000000e+00 0.000000e+00))
0.179306     	((2.197694e+02 1.368302e+03 -2.330069e-18) (5.814234e+00 1.585963e+00 1.251366e-20) (0.000000e+00 0.000000e+00 0.000000e+00)) ((-5.473208e+02 8.790778e+01 4.556373e+03) (-6.343853e-01 2.325693e+00 -3.186560e+00) (0.000000e+00 0.000000e+00 0.000000e+00))
0.18         	((2.217551e+02 1.368187e+03 -2.378976e-18) (5.809721e+00 1.588107e+00 1.341209e-20) (0.000000e+00 0.000000e+00 0.000000e+00)) ((-5.472747e+02 8.870203e+01 4.557066e+03) (-6.352430e-01 2.323888e+00 -3.170773e+00) (0.000000e+00 0.000000e+00 0.000000e+00))
0.180694     	((2.217724e+02 1.368563e+03 -2.347623e-18) (5.809401e+00 1.589516e+00 1.311297e-20) (0.000000e+00 0.000000e+00 0.000000e+00)) ((-5.474251e+02 8.870897e+01 4.561564e+03) (-6.358064e-01 2.323760e+00 -3.164815e+00) (0.000000e+00 0.000000e+00 0.000000e+00))
0.181389     	((2.212690e+02 1.359464e+03 -2.429018e-18) (5.807170e+00 1.590036e+00 1.322905e-20) (0.000000e+00 0.000000e+00 0.000000e+00)) ((-5.437855e+02 8.850762e+01 4.536515e+03) (-6.360145e-01 2.322868e+00 -3.158168e+00) (0.000000e+00 0.000000e+00 0.000000e+00))
0.182083     	((2.243346e+02 1.364024e+03 -2.428668e-18) (5.804245e+00 1.590376e+00 1.387444e-20) (0.000000e+00 0.000000e+00 0.000000e+00)) ((-5.456095e+02 8.973384e+01 4.544675e+03) (-6.361504e-01 2.321698e+00 -3.150929e+00) (0.000000e+00 0.000000e+00 0.000000e+00))
0.182778     	((2.244039e+02 1.359004e+03 -2.431141e-18) (5.806250e+00 1.590969e+00 1.355776e-20) (0.000000e+00 0.000000e+00 0.000000e+00)) ((-5.436014e+02 8.976157e+01 4.527625e+03) (-6.363874e-01 2.322500e+00 -3.151758e+00) (0.000000e+00 0.000000e+00 0.000000e+00))
0.183472     	((2.252499e+02 1.350922e+03 -2.484051e-18) (5.804527e+00 1.591417e+00 1.347404e-20) (0.000000e+00 0.000000e+00 0.000000e+00)) ((-5.403689e+02 9.009997e+01 4.497146e+03) (-6.365668e-01 2.321811e+00 -3.146334e+00) (0.000000e+00 0.000000e+00 0.000000e+00))
0.184167     	((2.267513e+02 1.351299e+03 -2.497279e-18) (5.805616e+00 1.590905e+00 1.380972e-20) (0.000000e+00 0.000000e+00 0.000000e+00)) ((-5.405197e+02 9.070052e+01 4.490711e+03) (-6.363620e-01 2.322246e+00 -3.148858e+00) (0.000000e+00 0.000000e+00 0.000000e+00))
0.184861     	((2.261646e+02 1.344778e+03 -2.529577e-18) (5.804720e+00 1.591333e+00 1.373004e-20) (0.000000e+00 0.000000e+00 0.000000e+00)) ((-5.379110e+02 9.046584e+01 4.469589e+03) (-6.365330e-01 2.321888e+00 -3.144962e+00) (0.000000e+00 0.000000e+00 0.000000e+00))
0.185556     	((2.276880e+02 1.339105e+03 -2.575922e-18) (5.799828e+00 1.591699e+00 1.453992e-20) (0.000000e+00 0.000000e+00 0.000000e+00)) ((-5.356421e+02 9.107519e+01 4.450809e+03) (-6.366796e-01 2.319931e+00 -3.134092e+00) (0.000000e+00 0.000000e+00 0.000000e+00))
0.18625      	((2.268112e+02 1.327084e+03 -2.565051e-18) (5.800762e+00 1.591352e+00 1.380859e-20) (0.000000e+00 0.000000e+00 0.000000e+00)) ((-5.308337e+02 9.072448e+01 4.422028e+03) (-6.365408e-01 2.320305e+00 -3.135791e+00) (0.000000e+00 0.000000e+00 0.000000e+00))
0.186944     	((2.304221e+02 1.326872e+03 -2.603864e-18) (5.799736e+00 1.590949e+00 1.450714e-20) (0.000000e+00 0.000000e+00 0.000000e+00)) ((-5.307486e+02 9.216885e+01 4.422163e+03) (-6.363798e-01 2.319894e+00 -3.134129e+00) (0.000000e+00 0.000000e+00 0.000000e+00))
0.187639     	((2.279204e+02 1.313183e+03 -2.611879e-18) (5.800703e+00 1.590877e+00 1.356918e-20) (0.000000e+00 0.000000e+00 0.000000e+00)) ((-5.252733e+02 9.116816e+01 4.391893e+03) (-6.363508e-01 2.320281e+00 -3.135062e+00) (0.000000e+00 0.000000e+00 0.000000e+00))
0.188333     	((2.311590e+02 1.313853e+03 -2.620792e-18) (5.797960e+00 1.591119e+00 1.344195e-20) (0.000000e+00 0.000000e+00 0.000000e+00)) ((-5.255414e+02 9.246362e+01 4.392108e+03) (-6.364475e-01 2.319184e+00 -3.128614e+00) (0.000000e+00 0.000000e+00 0.000000e+00))
0.189028     	((2.336061e+02 1.314184e+03 -2.638231e-18) (5.792521e+00 1.592227e+00 1.445001e-20) (0.000000e+00 0.000000e+00 0.000000e+00)) ((-5.256737e+02 9.344245e+01 4.390326e+03) (-6.368906e-01 2.317008e+00 -3.114858e+00) (0.000000e+00 0.000000e+00 0.000000e+00))
0.189722     	((2.309281e+02 1.300518e+03 -2.637025e-18) (5.796189e+00 1.591562e+00 1.342776e-20) (0.000000e+00 0.000000e+00 0.000000e+00)) ((-5.202071e+02 9.237124e+01 4.352464e+03) (-6.366250e-01 2.318476e+00 -3.122946e+00) (0.000000e+00 0.000000e+00 0.000000e+00))
0.190417     	((2.346807e+02 1.306772e+03 -2.650615e-18) (5.791657e+00 1.591148e+00 1.393945e-20) (0.000000e+00 0.000000e+00 0.000000e+00)) ((-5.227089e+02 9.387229e+01 4.361270e+03) (-6.364591e-01 2.316663e+00 -3.115801e+00) (0.000000e+00 0.000000e+00 0.000000e+00))
0.191111     	((2.334787e+02 1.299091e+03 -2.688502e-18) (5.789974e+00 1.591446e+00 1.431734e-20) (0.000000e+00 0.000000e+00 0.000000e+00)) ((-5.196363e+02 9.339148e+01 4.337331e+03) (-6.365786e-01 2.315990e+00 -3.111774e+00) (0.000000e+00 0.000000e+00 0.000000e+00))
0.191806     	((2.377338e+02 1.308282e+03 -2.669853e-18) (5.786816e+00 1.591280e+00 1.444634e-20) (0.000000e+00 0.000000e+00 0.000000e+00)) ((-5.233129e+02 9.509351e+01 4.356362e+03) (-6.365121e-01 2.314727e+00 -3.106564e+00) (0.000000e+00 0.000000e+00 0.000000e+00))
0.1925       	((2.352405e+02 1.298495e+03 -2.682506e-18) (5.785556e+00 1.591707e+00 1.391432e-20) (0.000000e+00 0.000000e+00 0.000000e+00)) ((-5.193979e+02 9.409618e+01 4.332383e+03) (-6.366827e-01 2.314222e+00 -3.103024e+00) (0.000000e+00 0.000000e+00 0.000000e+00))
0.193194     	((2.388755e+02 1.307847e+03 -2.704173e-18) (5.782142e+00 1.590484e+00 1.476901e-20) (0.000000e+00 0.000000e+00 0.000000e+00)) ((-5.231388e+02 9.555020e+01 4.354117e+03) (-6.361937e-01 2.312857e+00 -3.100751e+00) (0.000000e+00 0.000000e+00 0.000000e+00))
0.193889     	((2.364908e+02 1.298748e+03 -2.737760e-18) (5.783061e+00 1.590251e+00 1.509537e-20) (0.000000e+00 0.000000e+00 0.000000e+00)) ((-5.194991e+02 9.459631e+01 4.330263e+03) (-6.361005e-01 2.313224e+00 -3.103365e+00) (0.000000e+00 0.000000e+00 0.000000e+00))
0.194583     	((2.384136e+02 1.303413e+03 -2.717399e-18) (5.781347e+00 1.589157e+00 1.525168e-20) (0.000000e+00 0.000000e+00 0.000000e+00)) ((-5.213654e+02 9.536546e+01 4.341601e+03) (-6.356628e-01 2.312539e+00 -3.103949e+00) (0.000000e+00 0.000000e+00 0.000000e+00))
0.195278     	((2.355409e+02 1.290061e+03 -2.754543e-18) (5.783461e+00 1.588511e+00 1.423283e-20) (0.000000e+00 0.000000e+00 0.000000e+00)) ((-5.160244e+02 9.421637e+01 4.308123e+03) (-6.354044e-01 2.313384e+00 -3.110170e+00) (0.000000e+00 0.000000e+00 0.000000e+00))
0.195972     	((2.391991e+02 1.292867e+03 -2.774352e-18) (5.775378e+00 1.588668e+00 1.478573e-20) (0.000000e+00 0.000000e+00 0.000000e+00)) ((-5.171467e+02 9.567965e+01 4.309867e+03) (-6.354672e-01 2.310151e+00 -3.095811e+00) (0.000000e+00 0.000000e+00 0.000000e+00))
0.196667     	((2.359391e+02 1.282186e+03 -2.796034e-18) (5.776486e+00 1.587516e+00 1.466182e-20) (0.000000e+00 0.000000e+00 0.000000e+00)) ((-5.128745e+02 9.437564e+01 4.283358e+03) (-6.350064e-01 2.310594e+00 -3.102021e+00) (0.000000e+00 0.000000e+00 0.000000e+00))
0.197361     	((2.362980e+02 1.274486e+03 -2.854877e-18) (5.772086e+00 1.586269e+00 1.511156e-20) (0.000000e+00 0.000000e+00 0.000000e+00)) ((-5.097944e+02 9.451918e+01 4.260298e+03) (-6.345076e-01 2.308834e+00 -3.098775e+00) (0.000000e+00 0.000000e+00 0.000000e+00))
0.198056     	((2.351539e+02 1.267624e+03 -2.826700e-18) (5.770307e+00 1.584737e+00 1.402859e-20) (0.000000e+00 0.000000e+00 0.000000e+00)) ((-5.070497e+02 9.406156e+01 4.243680e+03) (-6.338948e-01 2.308123e+00 -3.101261e+00) (0.000000e+00 0.000000e+00 0.000000e+00))
0.19875      	((2.371081e+02 1.266698e+03 -2.851646e-18) (5.767472e+00 1.584343e+00 1.395069e-20) (0.000000e+00 0.000000e+00 0.000000e+00)) ((-5.066793e+02 9.484326e+01 4.239399e+03) (-6.337372e-01 2.306989e+00 -3.098538e+00) (0.000000e+00 0.000000e+00 0.000000e+00))
0.199444     	((2.453347e+02 1.270157e+03 -2.862851e-18) (5.761011e+00 1.583981e+00 1.483997e-20) (0.000000e+00 0.000000e+00 0.000000e+00)) ((-5.080627e+02 9.813388e+01 4.245085e+03) (-6.335925e-01 2.304404e+00 -3.089319e+00) (0.000000e+00 0.000000e+00 0.000000e+00))
0.2          	((2.441773e+02 1.260071e+03 -2.867492e-18) (5.764764e+00 1.582682e+00 1.475002e-20) (0.000000e+00 0.000000e+00 0.000000e+00)) ((-5.040284e+02 9.767093e+01 4.215489e+03) (-6.330728e-01 2.305906e+00 -3.101104e+00) (0.000000e+00 0.000000e+00 0.000000e+00))
