# Forces     
# CofR       : (0.000000e+00 0.000000e+00 0.000000e+00)
# Time       forces(pressure viscous porous) moment(pressure viscous porous)
0.000765611  	((2.618216e+02 1.115618e+03 -4.110393e-18) (5.713627e+00 -5.003265e-02 -3.287701e-20) (0.000000e+00 0.000000e+00 0.000000e+00)) ((-4.462471e+02 1.047286e+02 3.697083e+03) (2.001306e-02 2.285451e+00 -4.681315e+00) (0.000000e+00 0.000000e+00 0.000000e+00))
0.00145383   	((9.487612e+02 2.488788e+02 7.395092e-18) (6.493120e+00 -1.099531e-01 -4.317842e-20) (0.000000e+00 0.000000e+00 0.000000e+00)) ((-9.955151e+01 3.795045e+02 4.729563e+02) (4.398124e-02 2.597248e+00 -6.239090e+00) (0.000000e+00 0.000000e+00 0.000000e+00))
0.00216306   	((1.031507e+03 7.461312e+02 6.611899e-18) (7.481737e+00 -1.014500e-01 -3.066623e-20) (0.000000e+00 0.000000e+00 0.000000e+00)) ((-2.984525e+02 4.126027e+02 1.485004e+03) (4.058001e-02 2.992695e+00 -7.043218e+00) (0.000000e+00 0.000000e+00 0.000000e+00))
0.0028723    	((9.120091e+02 1.043843e+03 5.161690e-18) (8.319561e+00 -3.633381e-02 -2.410626e-20) (0.000000e+00 0.000000e+00 0.000000e+00)) ((-4.175373e+02 3.648037e+02 2.454184e+03) (1.453352e-02 3.327825e+00 -7.493127e+00) (0.000000e+00 0.000000e+00 0.000000e+00))
0.00358153   	((8.417937e+02 1.164919e+03 4.596700e-18) (9.035378e+00 1.249980e-02 -2.166958e-20) (0.000000e+00 0.000000e+00 0.000000e+00)) ((-4.659676e+02 3.367175e+02 2.860687e+03) (-4.999921e-03 3.614151e+00 -7.878741e+00) (0.000000e+00 0.000000e+00 0.000000e+00))
0.00429077   	((7.603516e+02 1.470883e+03 4.025825e-18) (9.625920e+00 5.167644e-02 -2.022342e-20) (0.000000e+00 0.000000e+00 0.000000e+00)) ((-5.883532e+02 3.041406e+02 3.824695e+03) (-2.067058e-02 3.850368e+00 -8.196505e+00) (0.000000e+00 0.000000e+00 0.000000e+00))
0.005        	((6.353195e+02 1.510814e+03 3.357505e-18) (1.009343e+01 9.092816e-02 -1.826659e-20) (0.000000e+00 0.000000e+00 0.000000e+00)) ((-6.043255e+02 2.541278e+02 4.146680e+03) (-3.637127e-02 4.037374e+00 -8.413485e+00) (0.000000e+00 0.000000e+00 0.000000e+00))
0.00573529   	((5.937648e+02 1.356710e+03 1.610492e-18) (1.044757e+01 1.296649e-01 -1.223322e-20) (0.000000e+00 0.000000e+00 0.000000e+00)) ((-5.426838e+02 2.375059e+02 3.832400e+03) (-5.186596e-02 4.179028e+00 -8.554263e+00) (0.000000e+00 0.000000e+00 0.000000e+00))
0.0064503    	((5.539338e+02 1.319923e+03 1.462839e-18) (1.069369e+01 1.601941e-01 -1.014435e-20) (0.000000e+00 0.000000e+00 0.000000e+00)) ((-5.279690e+02 2.215735e+02 3.896871e+03) (-6.407763e-02 4.277476e+00 -8.648194e+00) (0.000000e+00 0.000000e+00 0.000000e+00))
0.00716024   	((4.982474e+02 1.081630e+03 1.703035e-18) (1.086011e+01 1.845002e-01 -9.213799e-21) (0.000000e+00 0.000000e+00 0.000000e+00)) ((-4.326521e+02 1.992990e+02 3.431643e+03) (-7.380009e-02 4.344043e+00 -8.704397e+00) (0.000000e+00 0.000000e+00 0.000000e+00))
0.00785441   	((4.741054e+02 9.637029e+02 1.703117e-18) (1.097396e+01 2.065613e-01 -7.050235e-21) (0.000000e+00 0.000000e+00 0.000000e+00)) ((-3.854811e+02 1.896422e+02 3.277843e+03) (-8.262453e-02 4.389583e+00 -8.727576e+00) (0.000000e+00 0.000000e+00 0.000000e+00))
0.0085249    	((4.436176e+02 8.252296e+02 1.499036e-18) (1.104487e+01 2.266136e-01 -4.527498e-21) (0.000000e+00 0.000000e+00 0.000000e+00)) ((-3.300918e+02 1.774470e+02 3.049910e+03) (-9.064545e-02 4.417948e+00 -8.722381e+00) (0.000000e+00 0.000000e+00 0.000000e+00))
0.0091954    	((3.918290e+02 8.126049e+02 -1.420186e-18) (1.108084e+01 2.446399e-01 8.776283e-21) (0.000000e+00 0.000000e+00 0.000000e+00)) ((-3.250420e+02 1.567316e+02 3.115625e+03) (-9.785595e-02 4.432336e+00 -8.693615e+00) (0.000000e+00 0.000000e+00 0.000000e+00))
0.0098659    	((3.684808e+02 7.740951e+02 6.817799e-19) (1.109190e+01 2.617503e-01 1.404022e-21) (0.000000e+00 0.000000e+00 0.000000e+00)) ((-3.096380e+02 1.473923e+02 3.145772e+03) (-1.047001e-01 4.436759e+00 -8.650816e+00) (0.000000e+00 0.000000e+00 0.000000e+00))
0.0105405    	((3.358841e+02 6.440979e+02 -3.279857e-18) (1.107669e+01 2.794444e-01 1.946866e-20) (0.000000e+00 0.000000e+00 0.000000e+00)) ((-2.576392e+02 1.343536e+02 2.914196e+03) (-1.117778e-01 4.430675e+00 -8.592852e+00) (0.000000e+00 0.000000e+00 0.000000e+00))
0.0112162    	((3.189797e+02 6.842592e+02 -9.107892e-19) (1.103976e+01 2.966226e-01 1.122464e-20) (0.000000e+00 0.000000e+00 0.000000e+00)) ((-2.737037e+02 1.275919e+02 3.129982e+03) (-1.186490e-01 4.415902e+00 -8.524292e+00) (0.000000e+00 0.000000e+00 0.000000e+00))
0.0118919    	((3.267725e+02 4.603158e+02 -6.258927e-19) (1.098626e+01 3.118660e-01 1.196769e-20) (0.000000e+00 0.000000e+00 0.000000e+00)) ((-1.841263e+02 1.307090e+02 2.673520e+03) (-1.247464e-01 4.394506e+00 -8.449932e+00) (0.000000e+00 0.000000e+00 0.000000e+00))
0.0125676    	((2.875516e+02 5.174886e+02 -2.629158e-18) (1.092042e+01 3.263566e-01 2.129924e-20) (0.000000e+00 0.000000e+00 0.000000e+00)) ((-2.069955e+02 1.150206e+02 2.914025e+03) (-1.305427e-01 4.368167e+00 -8.368512e+00) (0.000000e+00 0.000000e+00 0.000000e+00))
0.0132432    	((2.732289e+02 4.935556e+02 -2.674624e-18) (1.084660e+01 3.402859e-01 2.233746e-20) (0.000000e+00 0.000000e+00 0.000000e+00)) ((-1.974222e+02 1.092916e+02 2.983781e+03) (-1.361144e-01 4.338638e+00 -8.283981e+00) (0.000000e+00 0.000000e+00 0.000000e+00))
0.0139189    	((2.294380e+02 3.938091e+02 -2.975898e-18) (1.076518e+01 3.533627e-01 2.419151e-20) (0.000000e+00 0.000000e+00 0.000000e+00)) ((-1.575236e+02 9.177518e+01 2.830345e+03) (-1.413451e-01 4.306071e+00 -8.198108e+00) (0.000000e+00 0.000000e+00 0.000000e+00))
0.0145946    	((2.332465e+02 3.639222e+02 -4.713294e-18) (1.067911e+01 3.657942e-01 3.308588e-20) (0.000000e+00 0.000000e+00 0.000000e+00)) ((-1.455689e+02 9.329860e+01 2.850855e+03) (-1.463177e-01 4.271644e+00 -8.111189e+00) (0.000000e+00 0.000000e+00 0.000000e+00))
0.0152703    	((1.656663e+02 2.871424e+02 -4.836005e-18) (1.058782e+01 3.771384e-01 3.411763e-20) (0.000000e+00 0.000000e+00 0.000000e+00)) ((-1.148570e+02 6.626654e+01 2.791687e+03) (-1.508554e-01 4.235129e+00 -8.024052e+00) (0.000000e+00 0.000000e+00 0.000000e+00))
0.0159459    	((2.123989e+02 2.745169e+02 -4.149883e-18) (1.049427e+01 3.880681e-01 3.234930e-20) (0.000000e+00 0.000000e+00 0.000000e+00)) ((-1.098068e+02 8.495956e+01 2.807007e+03) (-1.552272e-01 4.197706e+00 -7.937059e+00) (0.000000e+00 0.000000e+00 0.000000e+00))
0.0166216    	((1.965249e+02 2.402675e+02 -4.045011e-18) (1.040083e+01 3.984643e-01 3.254151e-20) (0.000000e+00 0.000000e+00 0.000000e+00)) ((-9.610700e+01 7.860994e+01 2.802360e+03) (-1.593857e-01 4.160334e+00 -7.852050e+00) (0.000000e+00 0.000000e+00 0.000000e+00))
0.0172973    	((1.715049e+02 2.201535e+02 -4.196625e-18) (1.030597e+01 4.079733e-01 3.350757e-20) (0.000000e+00 0.000000e+00 0.000000e+00)) ((-8.806138e+01 6.860196e+01 2.753848e+03) (-1.631893e-01 4.122388e+00 -7.767844e+00) (0.000000e+00 0.000000e+00 0.000000e+00))
0.017973     	((1.705280e+02 1.571853e+02 -6.610645e-18) (1.021139e+01 4.178845e-01 4.551180e-20) (0.000000e+00 0.000000e+00 0.000000e+00)) ((-6.287413e+01 6.821122e+01 2.669994e+03) (-1.671538e-01 4.084556e+00 -7.683111e+00) (0.000000e+00 0.000000e+00 0.000000e+00))
0.0186486    	((1.391744e+02 1.452255e+02 -6.432508e-18) (1.011602e+01 4.272962e-01 4.587235e-20) (0.000000e+00 0.000000e+00 0.000000e+00)) ((-5.809020e+01 5.566976e+01 2.690245e+03) (-1.709185e-01 4.046409e+00 -7.599617e+00) (0.000000e+00 0.000000e+00 0.000000e+00))
0.0193243    	((1.575425e+02 8.797677e+01 -3.727567e-18) (1.002116e+01 4.369093e-01 3.286000e-20) (0.000000e+00 0.000000e+00 0.000000e+00)) ((-3.519071e+01 6.301699e+01 2.524093e+03) (-1.747637e-01 4.008464e+00 -7.516824e+00) (0.000000e+00 0.000000e+00 0.000000e+00))
0.02         	((1.316544e+02 2.550296e+02 -7.531370e-18) (9.926082e+00 4.472268e-01 5.089203e-20) (0.000000e+00 0.000000e+00 0.000000e+00)) ((-1.020118e+02 5.266175e+01 3.021515e+03) (-1.788907e-01 3.970433e+00 -7.432359e+00) (0.000000e+00 0.000000e+00 0.000000e+00))
0.0206757    	((1.508770e+02 8.960594e+01 -4.730555e-18) (9.829552e+00 4.577254e-01 3.917486e-20) (0.000000e+00 0.000000e+00 0.000000e+00)) ((-3.584238e+01 6.035080e+01 2.639369e+03) (-1.830901e-01 3.931821e+00 -7.347629e+00) (0.000000e+00 0.000000e+00 0.000000e+00))
0.0213514    	((1.447029e+02 2.260820e+02 -5.053858e-18) (9.734175e+00 4.678629e-01 3.961278e-20) (0.000000e+00 0.000000e+00 0.000000e+00)) ((-9.043278e+01 5.788117e+01 2.941785e+03) (-1.871452e-01 3.893670e+00 -7.265612e+00) (0.000000e+00 0.000000e+00 0.000000e+00))
0.022027     	((1.480861e+02 3.206754e+02 -5.283339e-18) (9.640368e+00 4.783305e-01 4.030603e-20) (0.000000e+00 0.000000e+00 0.000000e+00)) ((-1.282702e+02 5.923443e+01 3.197940e+03) (-1.913322e-01 3.856147e+00 -7.184713e+00) (0.000000e+00 0.000000e+00 0.000000e+00))
0.0227027    	((1.344720e+02 2.524423e+02 -6.910112e-18) (9.546813e+00 4.885696e-01 4.851487e-20) (0.000000e+00 0.000000e+00 0.000000e+00)) ((-1.009769e+02 5.378880e+01 3.034572e+03) (-1.954278e-01 3.818725e+00 -7.105503e+00) (0.000000e+00 0.000000e+00 0.000000e+00))
0.0233784    	((1.370895e+02 3.936207e+02 -5.302042e-18) (9.454340e+00 4.991507e-01 4.010761e-20) (0.000000e+00 0.000000e+00 0.000000e+00)) ((-1.574483e+02 5.483579e+01 3.424852e+03) (-1.996603e-01 3.781736e+00 -7.026794e+00) (0.000000e+00 0.000000e+00 0.000000e+00))
0.0240541    	((1.570070e+02 4.446672e+02 -5.169560e-18) (9.365045e+00 5.094505e-01 3.946373e-20) (0.000000e+00 0.000000e+00 0.000000e+00)) ((-1.778669e+02 6.280281e+01 3.483341e+03) (-2.037802e-01 3.746018e+00 -6.951727e+00) (0.000000e+00 0.000000e+00 0.000000e+00))
0.0247297    	((1.678266e+02 5.614924e+02 -5.456619e-18) (9.278092e+00 5.198040e-01 4.003420e-20) (0.000000e+00 0.000000e+00 0.000000e+00)) ((-2.245970e+02 6.713065e+01 3.778859e+03) (-2.079216e-01 3.711237e+00 -6.878445e+00) (0.000000e+00 0.000000e+00 0.000000e+00))
0.0254054    	((1.368519e+02 6.246380e+02 -7.203596e-18) (9.192228e+00 5.307012e-01 4.807675e-20) (0.000000e+00 0.000000e+00 0.000000e+00)) ((-2.498552e+02 5.474076e+01 3.917908e+03) (-2.122805e-01 3.676891e+00 -6.804840e+00) (0.000000e+00 0.000000e+00 0.000000e+00))
0.0260726    	((1.825174e+02 6.453873e+02 -3.330194e-18) (9.110333e+00 5.396964e-01 2.951338e-20) (0.000000e+00 0.000000e+00 0.000000e+00)) ((-2.581549e+02 7.300696e+01 3.949865e+03) (-2.158786e-01 3.644133e+00 -6.738956e+00) (0.000000e+00 0.000000e+00 0.000000e+00))
0.0267272    	((1.614863e+02 8.187055e+02 -5.349410e-18) (9.032019e+00 5.494457e-01 3.812536e-20) (0.000000e+00 0.000000e+00 0.000000e+00)) ((-3.274822e+02 6.459453e+01 4.360299e+03) (-2.197783e-01 3.612808e+00 -6.673604e+00) (0.000000e+00 0.000000e+00 0.000000e+00))
0.0273818    	((1.729615e+02 8.762339e+02 -6.941863e-18) (8.954683e+00 5.584423e-01 4.526464e-20) (0.000000e+00 0.000000e+00 0.000000e+00)) ((-3.504935e+02 6.918458e+01 4.509650e+03) (-2.233769e-01 3.581873e+00 -6.610339e+00) (0.000000e+00 0.000000e+00 0.000000e+00))
0.0280363    	((1.478788e+02 9.477683e+02 -7.088492e-18) (8.879796e+00 5.676484e-01 4.504106e-20) (0.000000e+00 0.000000e+00 0.000000e+00)) ((-3.791073e+02 5.915152e+01 4.631422e+03) (-2.270594e-01 3.551918e+00 -6.548531e+00) (0.000000e+00 0.000000e+00 0.000000e+00))
0.0286909    	((1.734656e+02 1.022008e+03 -4.951356e-18) (8.807242e+00 5.766457e-01 3.566444e-20) (0.000000e+00 0.000000e+00 0.000000e+00)) ((-4.088031e+02 6.938622e+01 4.812023e+03) (-2.306583e-01 3.522897e+00 -6.488756e+00) (0.000000e+00 0.000000e+00 0.000000e+00))
0.0293454    	((1.881847e+02 1.069386e+03 -5.078355e-18) (8.736518e+00 5.857891e-01 3.592310e-20) (0.000000e+00 0.000000e+00 0.000000e+00)) ((-4.277546e+02 7.527388e+01 4.921283e+03) (-2.343156e-01 3.494607e+00 -6.429135e+00) (0.000000e+00 0.000000e+00 0.000000e+00))
0.03         	((1.642874e+02 1.185731e+03 -7.130295e-18) (8.667476e+00 5.951526e-01 4.489359e-20) (0.000000e+00 0.000000e+00 0.000000e+00)) ((-4.742922e+02 6.571496e+01 5.195722e+03) (-2.380610e-01 3.466990e+00 -6.369686e+00) (0.000000e+00 0.000000e+00 0.000000e+00))
0.0306579    	((1.639338e+02 1.183649e+03 -6.736176e-18) (8.599253e+00 6.042980e-01 4.454641e-20) (0.000000e+00 0.000000e+00 0.000000e+00)) ((-4.734596e+02 6.557353e+01 5.154895e+03) (-2.417192e-01 3.439701e+00 -6.310732e+00) (0.000000e+00 0.000000e+00 0.000000e+00))
0.0313158    	((1.706168e+02 1.323877e+03 -5.530124e-18) (8.534138e+00 6.135319e-01 3.781082e-20) (0.000000e+00 0.000000e+00 0.000000e+00)) ((-5.295507e+02 6.824672e+01 5.497013e+03) (-2.454128e-01 3.413655e+00 -6.252755e+00) (0.000000e+00 0.000000e+00 0.000000e+00))
0.0319737    	((1.570369e+02 1.235545e+03 -8.441129e-18) (8.469748e+00 6.232190e-01 5.097098e-20) (0.000000e+00 0.000000e+00 0.000000e+00)) ((-4.942179e+02 6.281476e+01 5.248282e+03) (-2.492876e-01 3.387899e+00 -6.193849e+00) (0.000000e+00 0.000000e+00 0.000000e+00))
0.0326316    	((1.646429e+02 1.357039e+03 -6.611428e-18) (8.405929e+00 6.327894e-01 4.293082e-20) (0.000000e+00 0.000000e+00 0.000000e+00)) ((-5.428157e+02 6.585717e+01 5.560428e+03) (-2.531158e-01 3.362372e+00 -6.133845e+00) (0.000000e+00 0.000000e+00 0.000000e+00))
0.0332895    	((1.766353e+02 1.442178e+03 -4.885601e-18) (8.344894e+00 6.426305e-01 3.400945e-20) (0.000000e+00 0.000000e+00 0.000000e+00)) ((-5.768711e+02 7.065414e+01 5.776824e+03) (-2.570522e-01 3.337958e+00 -6.075163e+00) (0.000000e+00 0.000000e+00 0.000000e+00))
0.0339474    	((1.719591e+02 1.353707e+03 -6.197623e-18) (8.284585e+00 6.519328e-01 4.083771e-20) (0.000000e+00 0.000000e+00 0.000000e+00)) ((-5.414829e+02 6.878364e+01 5.488705e+03) (-2.607731e-01 3.313834e+00 -6.017513e+00) (0.000000e+00 0.000000e+00 0.000000e+00))
0.0346053    	((1.558864e+02 1.483228e+03 -6.850850e-18) (8.225622e+00 6.612956e-01 4.258583e-20) (0.000000e+00 0.000000e+00 0.000000e+00)) ((-5.932913e+02 6.235455e+01 5.843154e+03) (-2.645182e-01 3.290249e+00 -5.960446e+00) (0.000000e+00 0.000000e+00 0.000000e+00))
0.0352632    	((1.550176e+02 1.487446e+03 -6.646292e-18) (8.167261e+00 6.704300e-01 4.241564e-20) (0.000000e+00 0.000000e+00 0.000000e+00)) ((-5.949783e+02 6.200706e+01 5.819292e+03) (-2.681720e-01 3.266905e+00 -5.904265e+00) (0.000000e+00 0.000000e+00 0.000000e+00))
0.0359211    	((1.623955e+02 1.459277e+03 -6.713099e-18) (8.110602e+00 6.791015e-01 4.198741e-20) (0.000000e+00 0.000000e+00 0.000000e+00)) ((-5.837107e+02 6.495821e+01 5.740184e+03) (-2.716406e-01 3.244241e+00 -5.851042e+00) (0.000000e+00 0.000000e+00 0.000000e+00))
0.0365789    	((1.642723e+02 1.448586e+03 -6.683342e-18) (8.056077e+00 6.871676e-01 4.220909e-20) (0.000000e+00 0.000000e+00 0.000000e+00)) ((-5.794344e+02 6.570893e+01 5.703649e+03) (-2.748671e-01 3.222431e+00 -5.801180e+00) (0.000000e+00 0.000000e+00 0.000000e+00))
0.0372368    	((1.591153e+02 1.445926e+03 -6.610182e-18) (8.002610e+00 6.948976e-01 4.228353e-20) (0.000000e+00 0.000000e+00 0.000000e+00)) ((-5.783703e+02 6.364610e+01 5.675347e+03) (-2.779590e-01 3.201044e+00 -5.753300e+00) (0.000000e+00 0.000000e+00 0.000000e+00))
0.0378947    	((1.520576e+02 1.447650e+03 -6.698899e-18) (7.950096e+00 7.021757e-01 4.218895e-20) (0.000000e+00 0.000000e+00 0.000000e+00)) ((-5.790601e+02 6.082305e+01 5.663445e+03) (-2.808703e-01 3.180038e+00 -5.707390e+00) (0.000000e+00 0.000000e+00 0.000000e+00))
0.0385526    	((1.494045e+02 1.454546e+03 -6.758460e-18) (7.898695e+00 7.088006e-01 4.239395e-20) (0.000000e+00 0.000000e+00 0.000000e+00)) ((-5.818186e+02 5.976178e+01 5.667207e+03) (-2.835203e-01 3.159478e+00 -5.664444e+00) (0.000000e+00 0.000000e+00 0.000000e+00))
0.0392105    	((1.489539e+02 1.457358e+03 -6.818988e-18) (7.848164e+00 7.146969e-01 4.259795e-20) (0.000000e+00 0.000000e+00 0.000000e+00)) ((-5.829430e+02 5.958154e+01 5.670318e+03) (-2.858788e-01 3.139266e+00 -5.624340e+00) (0.000000e+00 0.000000e+00 0.000000e+00))
0.0398684    	((1.457193e+02 1.455784e+03 -6.876526e-18) (7.799106e+00 7.212510e-01 4.264688e-20) (0.000000e+00 0.000000e+00 0.000000e+00)) ((-5.823135e+02 5.828771e+01 5.640044e+03) (-2.885004e-01 3.119642e+00 -5.583060e+00) (0.000000e+00 0.000000e+00 0.000000e+00))
0.0405263    	((1.467270e+02 1.423697e+03 -6.867541e-18) (7.751300e+00 7.273244e-01 4.280774e-20) (0.000000e+00 0.000000e+00 0.000000e+00)) ((-5.694789e+02 5.869080e+01 5.522161e+03) (-2.909298e-01 3.100520e+00 -5.543910e+00) (0.000000e+00 0.000000e+00 0.000000e+00))
0.0411842    	((1.493646e+02 1.287147e+03 -8.409377e-18) (7.704454e+00 7.327314e-01 5.128048e-20) (0.000000e+00 0.000000e+00 0.000000e+00)) ((-5.148589e+02 5.974583e+01 5.196049e+03) (-2.930925e-01 3.081781e+00 -5.506589e+00) (0.000000e+00 0.000000e+00 0.000000e+00))
0.0418421    	((1.386512e+02 1.413020e+03 -6.927932e-18) (7.659201e+00 7.387546e-01 4.306057e-20) (0.000000e+00 0.000000e+00 0.000000e+00)) ((-5.652081e+02 5.546047e+01 5.469783e+03) (-2.955019e-01 3.063680e+00 -5.468502e+00) (0.000000e+00 0.000000e+00 0.000000e+00))
0.0425       	((1.380324e+02 1.409903e+03 -6.880108e-18) (7.613938e+00 7.440916e-01 4.267772e-20) (0.000000e+00 0.000000e+00 0.000000e+00)) ((-5.639611e+02 5.521295e+01 5.450672e+03) (-2.976366e-01 3.045575e+00 -5.431030e+00) (0.000000e+00 0.000000e+00 0.000000e+00))
0.0431579    	((1.650381e+02 1.226795e+03 -6.551925e-18) (7.571579e+00 7.496075e-01 4.272763e-20) (0.000000e+00 0.000000e+00 0.000000e+00)) ((-4.907182e+02 6.601525e+01 4.959019e+03) (-2.998430e-01 3.028631e+00 -5.395276e+00) (0.000000e+00 0.000000e+00 0.000000e+00))
0.0438158    	((1.255657e+02 1.315138e+03 -8.948348e-18) (7.530006e+00 7.551339e-01 5.312476e-20) (0.000000e+00 0.000000e+00 0.000000e+00)) ((-5.260553e+02 5.022628e+01 5.202848e+03) (-3.020536e-01 3.012003e+00 -5.359484e+00) (0.000000e+00 0.000000e+00 0.000000e+00))
0.0444737    	((1.452716e+02 1.163503e+03 -7.227537e-18) (7.488725e+00 7.606700e-01 4.631143e-20) (0.000000e+00 0.000000e+00 0.000000e+00)) ((-4.654013e+02 5.810864e+01 4.730388e+03) (-3.042680e-01 2.995490e+00 -5.323379e+00) (0.000000e+00 0.000000e+00 0.000000e+00))
0.0451316    	((1.503258e+02 1.212697e+03 -7.413843e-18) (7.449037e+00 7.658099e-01 4.652436e-20) (0.000000e+00 0.000000e+00 0.000000e+00)) ((-4.850789e+02 6.013031e+01 4.891559e+03) (-3.063239e-01 2.979615e+00 -5.289069e+00) (0.000000e+00 0.000000e+00 0.000000e+00))
0.0457895    	((1.423832e+02 1.307170e+03 -7.433104e-18) (7.410922e+00 7.708195e-01 4.637677e-20) (0.000000e+00 0.000000e+00 0.000000e+00)) ((-5.228680e+02 5.695327e+01 5.116777e+03) (-3.083278e-01 2.964369e+00 -5.256689e+00) (0.000000e+00 0.000000e+00 0.000000e+00))
0.0464474    	((1.467335e+02 1.185500e+03 -7.124956e-18) (7.373231e+00 7.753443e-01 4.537469e-20) (0.000000e+00 0.000000e+00 0.000000e+00)) ((-4.742001e+02 5.869340e+01 4.753215e+03) (-3.101377e-01 2.949292e+00 -5.225791e+00) (0.000000e+00 0.000000e+00 0.000000e+00))
0.0471053    	((1.466001e+02 1.138126e+03 -7.260259e-18) (7.337844e+00 7.802645e-01 4.626051e-20) (0.000000e+00 0.000000e+00 0.000000e+00)) ((-4.552503e+02 5.864004e+01 4.653892e+03) (-3.121058e-01 2.935138e+00 -5.195925e+00) (0.000000e+00 0.000000e+00 0.000000e+00))
0.0477632    	((1.463637e+02 1.136569e+03 -7.210161e-18) (7.302109e+00 7.848115e-01 4.633796e-20) (0.000000e+00 0.000000e+00 0.000000e+00)) ((-4.546277e+02 5.854547e+01 4.644485e+03) (-3.139246e-01 2.920844e+00 -5.166321e+00) (0.000000e+00 0.000000e+00 0.000000e+00))
0.0484211    	((1.437145e+02 1.184049e+03 -9.144475e-18) (7.267072e+00 7.874828e-01 5.534569e-20) (0.000000e+00 0.000000e+00 0.000000e+00)) ((-4.736195e+02 5.748578e+01 4.710062e+03) (-3.149931e-01 2.906829e+00 -5.142600e+00) (0.000000e+00 0.000000e+00 0.000000e+00))
0.0490789    	((1.334522e+02 1.105253e+03 -7.475281e-18) (7.234089e+00 7.915182e-01 4.687262e-20) (0.000000e+00 0.000000e+00 0.000000e+00)) ((-4.421013e+02 5.338089e+01 4.508672e+03) (-3.166073e-01 2.893636e+00 -5.117179e+00) (0.000000e+00 0.000000e+00 0.000000e+00))
0.0497368    	((1.337826e+02 1.109798e+03 -7.359093e-18) (7.201065e+00 7.960476e-01 4.648692e-20) (0.000000e+00 0.000000e+00 0.000000e+00)) ((-4.439192e+02 5.351305e+01 4.518429e+03) (-3.184190e-01 2.880426e+00 -5.089315e+00) (0.000000e+00 0.000000e+00 0.000000e+00))
0.0503947    	((1.730021e+02 1.143337e+03 -6.934401e-18) (7.169772e+00 7.990565e-01 4.546123e-20) (0.000000e+00 0.000000e+00 0.000000e+00)) ((-4.573349e+02 6.920085e+01 4.592756e+03) (-3.196226e-01 2.867909e+00 -5.066878e+00) (0.000000e+00 0.000000e+00 0.000000e+00))
0.0510526    	((1.244146e+02 1.070712e+03 -7.813071e-18) (7.141332e+00 8.029342e-01 4.891328e-20) (0.000000e+00 0.000000e+00 0.000000e+00)) ((-4.282847e+02 4.976584e+01 4.358071e+03) (-3.211737e-01 2.856533e+00 -5.044626e+00) (0.000000e+00 0.000000e+00 0.000000e+00))
0.0517105    	((1.480914e+02 1.079894e+03 -9.503794e-18) (7.111284e+00 8.065246e-01 5.769159e-20) (0.000000e+00 0.000000e+00 0.000000e+00)) ((-4.319576e+02 5.923656e+01 4.445924e+03) (-3.226098e-01 2.844514e+00 -5.020590e+00) (0.000000e+00 0.000000e+00 0.000000e+00))
0.0523684    	((1.472973e+02 1.076366e+03 -9.433683e-18) (7.082910e+00 8.102159e-01 5.752997e-20) (0.000000e+00 0.000000e+00 0.000000e+00)) ((-4.305465e+02 5.891890e+01 4.408599e+03) (-3.240864e-01 2.833164e+00 -4.997523e+00) (0.000000e+00 0.000000e+00 0.000000e+00))
0.0530263    	((1.413576e+02 1.126635e+03 -7.138475e-18) (7.054818e+00 8.137482e-01 4.566421e-20) (0.000000e+00 0.000000e+00 0.000000e+00)) ((-4.506540e+02 5.654303e+01 4.465985e+03) (-3.254993e-01 2.821927e+00 -4.974439e+00) (0.000000e+00 0.000000e+00 0.000000e+00))
0.0536842    	((1.566727e+02 1.092357e+03 -7.166747e-18) (7.030066e+00 8.184232e-01 4.542104e-20) (0.000000e+00 0.000000e+00 0.000000e+00)) ((-4.369430e+02 6.266907e+01 4.412472e+03) (-3.273693e-01 2.812026e+00 -4.951689e+00) (0.000000e+00 0.000000e+00 0.000000e+00))
0.0543421    	((1.575305e+02 9.383904e+02 -8.563806e-18) (7.003303e+00 8.210433e-01 5.421582e-20) (0.000000e+00 0.000000e+00 0.000000e+00)) ((-3.753562e+02 6.301220e+01 4.000806e+03) (-3.284173e-01 2.801321e+00 -4.930398e+00) (0.000000e+00 0.000000e+00 0.000000e+00))
0.055        	((1.314935e+02 1.101834e+03 -8.845707e-18) (6.979361e+00 8.259019e-01 5.478706e-20) (0.000000e+00 0.000000e+00 0.000000e+00)) ((-4.407334e+02 5.259740e+01 4.414311e+03) (-3.303608e-01 2.791744e+00 -4.906830e+00) (0.000000e+00 0.000000e+00 0.000000e+00))
0.0556579    	((1.852112e+02 1.054271e+03 -5.359535e-18) (6.954156e+00 8.294568e-01 3.684162e-20) (0.000000e+00 0.000000e+00 0.000000e+00)) ((-4.217084e+02 7.408449e+01 4.263004e+03) (-3.317827e-01 2.781663e+00 -4.884626e+00) (0.000000e+00 0.000000e+00 0.000000e+00))
0.0563158    	((1.360034e+02 1.131806e+03 -8.435440e-18) (6.932678e+00 8.325949e-01 5.116822e-20) (0.000000e+00 0.000000e+00 0.000000e+00)) ((-4.527226e+02 5.440134e+01 4.479171e+03) (-3.330380e-01 2.773071e+00 -4.866768e+00) (0.000000e+00 0.000000e+00 0.000000e+00))
0.0569737    	((1.318657e+02 1.120495e+03 -8.352691e-18) (6.908857e+00 8.366892e-01 5.136341e-20) (0.000000e+00 0.000000e+00 0.000000e+00)) ((-4.481979e+02 5.274627e+01 4.443216e+03) (-3.346757e-01 2.763543e+00 -4.843375e+00) (0.000000e+00 0.000000e+00 0.000000e+00))
0.0576316    	((1.566512e+02 9.438735e+02 -8.192364e-18) (6.886112e+00 8.405845e-01 5.145654e-20) (0.000000e+00 0.000000e+00 0.000000e+00)) ((-3.775494e+02 6.266048e+01 3.997556e+03) (-3.362338e-01 2.754445e+00 -4.820682e+00) (0.000000e+00 0.000000e+00 0.000000e+00))
0.0582895    	((1.500706e+02 9.860664e+02 -8.352238e-18) (6.865544e+00 8.438417e-01 5.252559e-20) (0.000000e+00 0.000000e+00 0.000000e+00)) ((-3.944266e+02 6.002823e+01 4.096223e+03) (-3.375367e-01 2.746218e+00 -4.802096e+00) (0.000000e+00 0.000000e+00 0.000000e+00))
0.0589474    	((1.306285e+02 1.111362e+03 -8.788503e-18) (6.843453e+00 8.475568e-01 5.272688e-20) (0.000000e+00 0.000000e+00 0.000000e+00)) ((-4.445446e+02 5.225140e+01 4.409913e+03) (-3.390227e-01 2.737381e+00 -4.780391e+00) (0.000000e+00 0.000000e+00 0.000000e+00))
0.0596053    	((1.376524e+02 1.100936e+03 -8.488568e-18) (6.822398e+00 8.513296e-01 5.253974e-20) (0.000000e+00 0.000000e+00 0.000000e+00)) ((-4.403744e+02 5.506094e+01 4.381634e+03) (-3.405318e-01 2.728959e+00 -4.759738e+00) (0.000000e+00 0.000000e+00 0.000000e+00))
0.0602632    	((1.643961e+02 9.366992e+02 -7.999749e-18) (6.803372e+00 8.548617e-01 4.993021e-20) (0.000000e+00 0.000000e+00 0.000000e+00)) ((-3.746797e+02 6.575843e+01 3.960654e+03) (-3.419447e-01 2.721349e+00 -4.740701e+00) (0.000000e+00 0.000000e+00 0.000000e+00))
0.0609211    	((1.448869e+02 9.726397e+02 -7.878803e-18) (6.784657e+00 8.579325e-01 5.039096e-20) (0.000000e+00 0.000000e+00 0.000000e+00)) ((-3.890559e+02 5.795476e+01 4.071209e+03) (-3.431730e-01 2.713863e+00 -4.723408e+00) (0.000000e+00 0.000000e+00 0.000000e+00))
0.0615789    	((1.315394e+02 1.028403e+03 -8.256281e-18) (6.764959e+00 8.614632e-01 5.024380e-20) (0.000000e+00 0.000000e+00 0.000000e+00)) ((-4.113613e+02 5.261575e+01 4.204192e+03) (-3.445853e-01 2.705983e+00 -4.703574e+00) (0.000000e+00 0.000000e+00 0.000000e+00))
0.0622368    	((1.342945e+02 1.038568e+03 -8.089027e-18) (6.746417e+00 8.647494e-01 5.060789e-20) (0.000000e+00 0.000000e+00 0.000000e+00)) ((-4.154272e+02 5.371780e+01 4.222716e+03) (-3.458998e-01 2.698567e+00 -4.685873e+00) (0.000000e+00 0.000000e+00 0.000000e+00))
0.0628947    	((1.380014e+02 1.037754e+03 -8.093915e-18) (6.727933e+00 8.684150e-01 4.985360e-20) (0.000000e+00 0.000000e+00 0.000000e+00)) ((-4.151016e+02 5.520057e+01 4.214360e+03) (-3.473660e-01 2.691173e+00 -4.666622e+00) (0.000000e+00 0.000000e+00 0.000000e+00))
0.0635526    	((1.834345e+02 9.227930e+02 -7.668796e-18) (6.710357e+00 8.714899e-01 4.896790e-20) (0.000000e+00 0.000000e+00 0.000000e+00)) ((-3.691172e+02 7.337380e+01 3.951759e+03) (-3.485960e-01 2.684143e+00 -4.649310e+00) (0.000000e+00 0.000000e+00 0.000000e+00))
0.0642105    	((1.296165e+02 8.883070e+02 -8.100632e-18) (6.694528e+00 8.748838e-01 5.123580e-20) (0.000000e+00 0.000000e+00 0.000000e+00)) ((-3.553228e+02 5.184661e+01 3.821570e+03) (-3.499535e-01 2.677811e+00 -4.632558e+00) (0.000000e+00 0.000000e+00 0.000000e+00))
0.0648684    	((1.215669e+02 9.294617e+02 -8.475751e-18) (6.677049e+00 8.780455e-01 5.229576e-20) (0.000000e+00 0.000000e+00 0.000000e+00)) ((-3.717847e+02 4.862675e+01 3.951970e+03) (-3.512182e-01 2.670819e+00 -4.615213e+00) (0.000000e+00 0.000000e+00 0.000000e+00))
0.0655263    	((1.543591e+02 1.081391e+03 -8.254599e-18) (6.658330e+00 8.805750e-01 5.223543e-20) (0.000000e+00 0.000000e+00 0.000000e+00)) ((-4.325563e+02 6.174365e+01 4.374955e+03) (-3.522300e-01 2.663332e+00 -4.597619e+00) (0.000000e+00 0.000000e+00 0.000000e+00))
0.0661842    	((1.297663e+02 9.360473e+02 -8.991796e-18) (6.642572e+00 8.839970e-01 5.354632e-20) (0.000000e+00 0.000000e+00 0.000000e+00)) ((-3.744189e+02 5.190653e+01 3.907182e+03) (-3.535988e-01 2.657029e+00 -4.581311e+00) (0.000000e+00 0.000000e+00 0.000000e+00))
0.0668421    	((1.251882e+02 8.863329e+02 -8.559133e-18) (6.626130e+00 8.871626e-01 5.448632e-20) (0.000000e+00 0.000000e+00 0.000000e+00)) ((-3.545331e+02 5.007528e+01 3.867774e+03) (-3.548650e-01 2.650452e+00 -4.564579e+00) (0.000000e+00 0.000000e+00 0.000000e+00))
0.067488     	((1.443182e+02 9.090668e+02 -8.577600e-18) (6.610241e+00 8.890141e-01 5.234684e-20) (0.000000e+00 0.000000e+00 0.000000e+00)) ((-3.636267e+02 5.772728e+01 3.940128e+03) (-3.556056e-01 2.644096e+00 -4.552064e+00) (0.000000e+00 0.000000e+00 0.000000e+00))
0.068116     	((1.530670e+02 9.370507e+02 -8.504221e-18) (6.596317e+00 8.915453e-01 5.170159e-20) (0.000000e+00 0.000000e+00 0.000000e+00)) ((-3.748203e+02 6.122681e+01 3.995656e+03) (-3.566181e-01 2.638527e+00 -4.539497e+00) (0.000000e+00 0.000000e+00 0.000000e+00))
0.068744     	((1.483244e+02 1.008839e+03 -6.532333e-18) (6.582811e+00 8.939167e-01 4.125832e-20) (0.000000e+00 0.000000e+00 0.000000e+00)) ((-4.035358e+02 5.932977e+01 4.102301e+03) (-3.575667e-01 2.633124e+00 -4.528605e+00) (0.000000e+00 0.000000e+00 0.000000e+00))
0.069372     	((1.376244e+02 8.282276e+02 -8.543638e-18) (6.568178e+00 8.955686e-01 5.243696e-20) (0.000000e+00 0.000000e+00 0.000000e+00)) ((-3.312910e+02 5.504975e+01 3.704277e+03) (-3.582274e-01 2.627271e+00 -4.517317e+00) (0.000000e+00 0.000000e+00 0.000000e+00))
0.07         	((1.376253e+02 8.383697e+02 -8.493987e-18) (6.554228e+00 8.974184e-01 5.259732e-20) (0.000000e+00 0.000000e+00 0.000000e+00)) ((-3.353479e+02 5.505012e+01 3.737368e+03) (-3.589674e-01 2.621691e+00 -4.506399e+00) (0.000000e+00 0.000000e+00 0.000000e+00))
0.070641     	((1.238847e+02 9.488151e+02 -8.841228e-18) (6.539815e+00 8.992941e-01 5.371431e-20) (0.000000e+00 0.000000e+00 0.000000e+00)) ((-3.795260e+02 4.955387e+01 4.003678e+03) (-3.597176e-01 2.615926e+00 -4.496252e+00) (0.000000e+00 0.000000e+00 0.000000e+00))
0.0712821    	((1.252811e+02 9.511076e+02 -8.829011e-18) (6.525638e+00 9.014083e-01 5.389188e-20) (0.000000e+00 0.000000e+00 0.000000e+00)) ((-3.804430e+02 5.011246e+01 4.006941e+03) (-3.605633e-01 2.610255e+00 -4.485467e+00) (0.000000e+00 0.000000e+00 0.000000e+00))
0.0719231    	((1.310093e+02 9.482888e+02 -8.782412e-18) (6.512813e+00 9.024446e-01 5.327661e-20) (0.000000e+00 0.000000e+00 0.000000e+00)) ((-3.793155e+02 5.240370e+01 3.988583e+03) (-3.609778e-01 2.605125e+00 -4.479600e+00) (0.000000e+00 0.000000e+00 0.000000e+00))
0.0725641    	((1.338589e+02 9.364144e+02 -8.711926e-18) (6.498325e+00 9.045601e-01 5.352216e-20) (0.000000e+00 0.000000e+00 0.000000e+00)) ((-3.745658e+02 5.354358e+01 3.944211e+03) (-3.618240e-01 2.599330e+00 -4.467766e+00) (0.000000e+00 0.000000e+00 0.000000e+00))
0.0732051    	((1.477222e+02 7.846620e+02 -8.180292e-18) (6.485423e+00 9.052813e-01 5.233768e-20) (0.000000e+00 0.000000e+00 0.000000e+00)) ((-3.138648e+02 5.908886e+01 3.590900e+03) (-3.621125e-01 2.594169e+00 -4.461895e+00) (0.000000e+00 0.000000e+00 0.000000e+00))
0.0738462    	((1.269832e+02 8.876735e+02 -8.668346e-18) (6.472856e+00 9.056626e-01 5.306998e-20) (0.000000e+00 0.000000e+00 0.000000e+00)) ((-3.550694e+02 5.079329e+01 3.823562e+03) (-3.622650e-01 2.589142e+00 -4.456822e+00) (0.000000e+00 0.000000e+00 0.000000e+00))
0.0744872    	((1.182197e+02 9.495520e+02 -8.672729e-18) (6.460446e+00 9.070181e-01 5.328234e-20) (0.000000e+00 0.000000e+00 0.000000e+00)) ((-3.798208e+02 4.728786e+01 3.977462e+03) (-3.628073e-01 2.584178e+00 -4.450110e+00) (0.000000e+00 0.000000e+00 0.000000e+00))
0.0751282    	((1.298464e+02 9.752107e+02 -8.564446e-18) (6.448163e+00 9.087191e-01 5.331750e-20) (0.000000e+00 0.000000e+00 0.000000e+00)) ((-3.900843e+02 5.193857e+01 4.077804e+03) (-3.634877e-01 2.579265e+00 -4.443041e+00) (0.000000e+00 0.000000e+00 0.000000e+00))
0.0757692    	((1.361992e+02 9.711308e+02 -8.649618e-18) (6.435110e+00 9.096408e-01 5.333022e-20) (0.000000e+00 0.000000e+00 0.000000e+00)) ((-3.884523e+02 5.447966e+01 4.059696e+03) (-3.638563e-01 2.574044e+00 -4.436493e+00) (0.000000e+00 0.000000e+00 0.000000e+00))
0.0764103    	((1.365868e+02 9.507843e+02 -8.630575e-18) (6.423545e+00 9.109496e-01 5.325094e-20) (0.000000e+00 0.000000e+00 0.000000e+00)) ((-3.803137e+02 5.463471e+01 3.979691e+03) (-3.643798e-01 2.569418e+00 -4.430715e+00) (0.000000e+00 0.000000e+00 0.000000e+00))
0.0770513    	((1.390356e+02 7.882559e+02 -8.431591e-18) (6.413030e+00 9.107415e-01 5.319310e-20) (0.000000e+00 0.000000e+00 0.000000e+00)) ((-3.153023e+02 5.561426e+01 3.514199e+03) (-3.642966e-01 2.565212e+00 -4.429802e+00) (0.000000e+00 0.000000e+00 0.000000e+00))
0.0776923    	((1.233281e+02 1.008717e+03 -8.921613e-18) (6.401859e+00 9.113388e-01 5.536809e-20) (0.000000e+00 0.000000e+00 0.000000e+00)) ((-4.034866e+02 4.933122e+01 4.237182e+03) (-3.645355e-01 2.560744e+00 -4.426349e+00) (0.000000e+00 0.000000e+00 0.000000e+00))
0.0783333    	((1.235079e+02 1.007683e+03 -9.020226e-18) (6.389878e+00 9.123059e-01 5.497105e-20) (0.000000e+00 0.000000e+00 0.000000e+00)) ((-4.030732e+02 4.940317e+01 4.076114e+03) (-3.649224e-01 2.555951e+00 -4.421354e+00) (0.000000e+00 0.000000e+00 0.000000e+00))
0.0789744    	((1.287664e+02 9.705466e+02 -8.907350e-18) (6.379714e+00 9.131368e-01 5.542180e-20) (0.000000e+00 0.000000e+00 0.000000e+00)) ((-3.882186e+02 5.150657e+01 4.007155e+03) (-3.652547e-01 2.551886e+00 -4.418631e+00) (0.000000e+00 0.000000e+00 0.000000e+00))
0.0796154    	((1.419120e+02 8.169733e+02 -8.524944e-18) (6.369959e+00 9.134842e-01 5.453297e-20) (0.000000e+00 0.000000e+00 0.000000e+00)) ((-3.267893e+02 5.676478e+01 3.664607e+03) (-3.653937e-01 2.547984e+00 -4.416382e+00) (0.000000e+00 0.000000e+00 0.000000e+00))
0.0802564    	((1.173569e+02 1.034604e+03 -9.136394e-18) (6.358234e+00 9.131325e-01 5.507332e-20) (0.000000e+00 0.000000e+00 0.000000e+00)) ((-4.138415e+02 4.694276e+01 4.156457e+03) (-3.652530e-01 2.543294e+00 -4.414011e+00) (0.000000e+00 0.000000e+00 0.000000e+00))
0.0808974    	((1.187687e+02 1.034535e+03 -8.928272e-18) (6.348569e+00 9.141243e-01 5.456273e-20) (0.000000e+00 0.000000e+00 0.000000e+00)) ((-4.138140e+02 4.750748e+01 4.166247e+03) (-3.656497e-01 2.539428e+00 -4.411706e+00) (0.000000e+00 0.000000e+00 0.000000e+00))
0.0815385    	((1.541633e+02 9.378039e+02 -8.549623e-18) (6.338175e+00 9.149039e-01 5.393392e-20) (0.000000e+00 0.000000e+00 0.000000e+00)) ((-3.751216e+02 6.166530e+01 3.971814e+03) (-3.659616e-01 2.535270e+00 -4.407316e+00) (0.000000e+00 0.000000e+00 0.000000e+00))
0.0821795    	((1.298993e+02 8.961835e+02 -8.446536e-18) (6.330479e+00 9.147401e-01 5.317787e-20) (0.000000e+00 0.000000e+00 0.000000e+00)) ((-3.584734e+02 5.195972e+01 3.775561e+03) (-3.658960e-01 2.532191e+00 -4.409219e+00) (0.000000e+00 0.000000e+00 0.000000e+00))
0.0828205    	((1.240151e+02 9.134911e+02 -8.798197e-18) (6.319824e+00 9.151389e-01 5.444665e-20) (0.000000e+00 0.000000e+00 0.000000e+00)) ((-3.653964e+02 4.960605e+01 3.861501e+03) (-3.660556e-01 2.527930e+00 -4.405239e+00) (0.000000e+00 0.000000e+00 0.000000e+00))
0.0834615    	((1.281374e+02 9.909073e+02 -8.653734e-18) (6.311761e+00 9.151511e-01 5.399457e-20) (0.000000e+00 0.000000e+00 0.000000e+00)) ((-3.963629e+02 5.125497e+01 4.079682e+03) (-3.660605e-01 2.524704e+00 -4.406126e+00) (0.000000e+00 0.000000e+00 0.000000e+00))
0.0841026    	((1.314312e+02 1.025709e+03 -8.770074e-18) (6.301468e+00 9.162146e-01 5.389465e-20) (0.000000e+00 0.000000e+00 0.000000e+00)) ((-4.102835e+02 5.257249e+01 4.136799e+03) (-3.664858e-01 2.520587e+00 -4.400713e+00) (0.000000e+00 0.000000e+00 0.000000e+00))
0.0847436    	((1.354101e+02 1.036013e+03 -8.789167e-18) (6.293929e+00 9.167661e-01 5.390242e-20) (0.000000e+00 0.000000e+00 0.000000e+00)) ((-4.144053e+02 5.416403e+01 4.142487e+03) (-3.667064e-01 2.517572e+00 -4.400493e+00) (0.000000e+00 0.000000e+00 0.000000e+00))
0.0853846    	((1.359237e+02 1.033497e+03 -8.690763e-18) (6.285874e+00 9.170689e-01 5.354620e-20) (0.000000e+00 0.000000e+00 0.000000e+00)) ((-4.133988e+02 5.436950e+01 4.131232e+03) (-3.668275e-01 2.514350e+00 -4.399943e+00) (0.000000e+00 0.000000e+00 0.000000e+00))
0.0860256    	((1.318503e+02 1.002136e+03 -8.791002e-18) (6.277312e+00 9.170715e-01 5.425204e-20) (0.000000e+00 0.000000e+00 0.000000e+00)) ((-4.008543e+02 5.274012e+01 4.055752e+03) (-3.668286e-01 2.510925e+00 -4.399198e+00) (0.000000e+00 0.000000e+00 0.000000e+00))
0.0866667    	((1.272921e+02 9.724438e+02 -8.750384e-18) (6.269536e+00 9.159543e-01 5.443420e-20) (0.000000e+00 0.000000e+00 0.000000e+00)) ((-3.889775e+02 5.091683e+01 3.984955e+03) (-3.663817e-01 2.507814e+00 -4.402590e+00) (0.000000e+00 0.000000e+00 0.000000e+00))
0.0873077    	((1.268561e+02 9.650570e+02 -8.746678e-18) (6.261976e+00 9.176059e-01 5.391872e-20) (0.000000e+00 0.000000e+00 0.000000e+00)) ((-3.860228e+02 5.074243e+01 3.962606e+03) (-3.670424e-01 2.504790e+00 -4.397721e+00) (0.000000e+00 0.000000e+00 0.000000e+00))
0.0879487    	((1.268703e+02 9.659695e+02 -8.718731e-18) (6.253609e+00 9.186799e-01 5.402639e-20) (0.000000e+00 0.000000e+00 0.000000e+00)) ((-3.863878e+02 5.074810e+01 3.959860e+03) (-3.674719e-01 2.501443e+00 -4.393133e+00) (0.000000e+00 0.000000e+00 0.000000e+00))
0.0885897    	((1.306264e+02 9.735201e+02 -8.698068e-18) (6.246081e+00 9.186936e-01 5.421869e-20) (0.000000e+00 0.000000e+00 0.000000e+00)) ((-3.894080e+02 5.225058e+01 3.957783e+03) (-3.674774e-01 2.498432e+00 -4.392754e+00) (0.000000e+00 0.000000e+00 0.000000e+00))
0.0892308    	((1.318387e+02 9.844967e+02 -8.774024e-18) (6.237590e+00 9.190385e-01 5.375507e-20) (0.000000e+00 0.000000e+00 0.000000e+00)) ((-3.937987e+02 5.273548e+01 3.966041e+03) (-3.676154e-01 2.495036e+00 -4.389668e+00) (0.000000e+00 0.000000e+00 0.000000e+00))
0.0898718    	((1.340465e+02 9.981493e+02 -8.797920e-18) (6.230737e+00 9.201510e-01 5.388255e-20) (0.000000e+00 0.000000e+00 0.000000e+00)) ((-3.992597e+02 5.361862e+01 3.998138e+03) (-3.680604e-01 2.492295e+00 -4.386299e+00) (0.000000e+00 0.000000e+00 0.000000e+00))
0.0905128    	((1.361964e+02 1.013781e+03 -8.784399e-18) (6.222968e+00 9.224867e-01 5.363691e-20) (0.000000e+00 0.000000e+00 0.000000e+00)) ((-4.055124e+02 5.447855e+01 4.039091e+03) (-3.689947e-01 2.489187e+00 -4.377561e+00) (0.000000e+00 0.000000e+00 0.000000e+00))
0.0911538    	((1.353055e+02 1.026989e+03 -8.802035e-18) (6.215478e+00 9.218935e-01 5.414927e-20) (0.000000e+00 0.000000e+00 0.000000e+00)) ((-4.107954e+02 5.412222e+01 4.075401e+03) (-3.687574e-01 2.486191e+00 -4.377832e+00) (0.000000e+00 0.000000e+00 0.000000e+00))
0.0917949    	((1.341776e+02 1.033276e+03 -8.841964e-18) (6.208769e+00 9.218120e-01 5.405293e-20) (0.000000e+00 0.000000e+00 0.000000e+00)) ((-4.133103e+02 5.367105e+01 4.089854e+03) (-3.687248e-01 2.483508e+00 -4.377659e+00) (0.000000e+00 0.000000e+00 0.000000e+00))
0.0924359    	((1.309329e+02 1.050994e+03 -8.870408e-18) (6.201202e+00 9.231252e-01 5.417617e-20) (0.000000e+00 0.000000e+00 0.000000e+00)) ((-4.203976e+02 5.237316e+01 4.127191e+03) (-3.692501e-01 2.480481e+00 -4.372101e+00) (0.000000e+00 0.000000e+00 0.000000e+00))
0.0930769    	((1.269574e+02 1.051319e+03 -8.920560e-18) (6.195026e+00 9.239236e-01 5.395759e-20) (0.000000e+00 0.000000e+00 0.000000e+00)) ((-4.205274e+02 5.078297e+01 4.118244e+03) (-3.695694e-01 2.478010e+00 -4.369944e+00) (0.000000e+00 0.000000e+00 0.000000e+00))
0.0937179    	((1.262749e+02 1.052272e+03 -8.977566e-18) (6.189548e+00 9.256098e-01 5.391179e-20) (0.000000e+00 0.000000e+00 0.000000e+00)) ((-4.209086e+02 5.050997e+01 4.108797e+03) (-3.702439e-01 2.475819e+00 -4.365913e+00) (0.000000e+00 0.000000e+00 0.000000e+00))
0.094359     	((1.269879e+02 1.050842e+03 -8.940982e-18) (6.182787e+00 9.254600e-01 5.380708e-20) (0.000000e+00 0.000000e+00 0.000000e+00)) ((-4.203370e+02 5.079518e+01 4.088439e+03) (-3.701840e-01 2.473115e+00 -4.365353e+00) (0.000000e+00 0.000000e+00 0.000000e+00))
0.095        	((1.269134e+02 1.043292e+03 -8.935970e-18) (6.177567e+00 9.262777e-01 5.384605e-20) (0.000000e+00 0.000000e+00 0.000000e+00)) ((-4.173167e+02 5.076535e+01 4.061532e+03) (-3.705111e-01 2.471027e+00 -4.363866e+00) (0.000000e+00 0.000000e+00 0.000000e+00))
0.095641     	((1.262072e+02 1.032084e+03 -8.934253e-18) (6.171673e+00 9.278099e-01 5.379008e-20) (0.000000e+00 0.000000e+00 0.000000e+00)) ((-4.128336e+02 5.048288e+01 4.028759e+03) (-3.711239e-01 2.468669e+00 -4.358892e+00) (0.000000e+00 0.000000e+00 0.000000e+00))
0.0962821    	((1.283872e+02 1.029714e+03 -8.887195e-18) (6.165976e+00 9.288042e-01 5.378352e-20) (0.000000e+00 0.000000e+00 0.000000e+00)) ((-4.118854e+02 5.135487e+01 4.020792e+03) (-3.715217e-01 2.466390e+00 -4.355506e+00) (0.000000e+00 0.000000e+00 0.000000e+00))
0.0969231    	((1.285218e+02 1.023643e+03 -8.856963e-18) (6.161316e+00 9.297317e-01 5.392287e-20) (0.000000e+00 0.000000e+00 0.000000e+00)) ((-4.094572e+02 5.140872e+01 4.003802e+03) (-3.718927e-01 2.464526e+00 -4.353699e+00) (0.000000e+00 0.000000e+00 0.000000e+00))
0.0975641    	((1.290134e+02 1.020735e+03 -8.847419e-18) (6.155174e+00 9.301670e-01 5.357574e-20) (0.000000e+00 0.000000e+00 0.000000e+00)) ((-4.082941e+02 5.160537e+01 3.994905e+03) (-3.720668e-01 2.462070e+00 -4.350934e+00) (0.000000e+00 0.000000e+00 0.000000e+00))
0.0982051    	((1.300498e+02 1.020103e+03 -8.843633e-18) (6.150657e+00 9.310574e-01 5.349633e-20) (0.000000e+00 0.000000e+00 0.000000e+00)) ((-4.080413e+02 5.201994e+01 3.989575e+03) (-3.724230e-01 2.460263e+00 -4.349054e+00) (0.000000e+00 0.000000e+00 0.000000e+00))
0.0988462    	((1.300368e+02 1.021657e+03 -8.801324e-18) (6.145627e+00 9.321067e-01 5.335046e-20) (0.000000e+00 0.000000e+00 0.000000e+00)) ((-4.086629e+02 5.201472e+01 3.988023e+03) (-3.728427e-01 2.458251e+00 -4.345776e+00) (0.000000e+00 0.000000e+00 0.000000e+00))
0.0994872    	((1.301680e+02 1.023877e+03 -8.779056e-18) (6.140571e+00 9.339671e-01 5.329666e-20) (0.000000e+00 0.000000e+00 0.000000e+00)) ((-4.095510e+02 5.206719e+01 3.984633e+03) (-3.735868e-01 2.456228e+00 -4.339847e+00) (0.000000e+00 0.000000e+00 0.000000e+00))
0.100128     	((1.333724e+02 1.040703e+03 -8.791519e-18) (6.136870e+00 9.350451e-01 5.304481e-20) (0.000000e+00 0.000000e+00 0.000000e+00)) ((-4.162811e+02 5.334897e+01 4.008778e+03) (-3.740180e-01 2.454748e+00 -4.338150e+00) (0.000000e+00 0.000000e+00 0.000000e+00))
0.100769     	((1.317618e+02 1.044535e+03 -8.796015e-18) (6.131589e+00 9.362082e-01 5.320858e-20) (0.000000e+00 0.000000e+00 0.000000e+00)) ((-4.178138e+02 5.270471e+01 4.012543e+03) (-3.744833e-01 2.452636e+00 -4.333662e+00) (0.000000e+00 0.000000e+00 0.000000e+00))
0.10141      	((1.309176e+02 1.050769e+03 -8.833849e-18) (6.128867e+00 9.379913e-01 5.285003e-20) (0.000000e+00 0.000000e+00 0.000000e+00)) ((-4.203074e+02 5.236702e+01 4.022471e+03) (-3.751965e-01 2.451547e+00 -4.331010e+00) (0.000000e+00 0.000000e+00 0.000000e+00))
0.102051     	((1.301792e+02 1.061914e+03 -8.830557e-18) (6.123993e+00 9.386351e-01 5.282583e-20) (0.000000e+00 0.000000e+00 0.000000e+00)) ((-4.247654e+02 5.207168e+01 4.049950e+03) (-3.754540e-01 2.449597e+00 -4.328504e+00) (0.000000e+00 0.000000e+00 0.000000e+00))
0.102692     	((1.294981e+02 1.073410e+03 -8.837149e-18) (6.120088e+00 9.394974e-01 5.295499e-20) (0.000000e+00 0.000000e+00 0.000000e+00)) ((-4.293640e+02 5.179923e+01 4.079286e+03) (-3.757990e-01 2.448035e+00 -4.326726e+00) (0.000000e+00 0.000000e+00 0.000000e+00))
0.103333     	((1.241223e+02 1.088320e+03 -8.838814e-18) (6.114325e+00 9.404523e-01 5.295857e-20) (0.000000e+00 0.000000e+00 0.000000e+00)) ((-4.353280e+02 4.964894e+01 4.119503e+03) (-3.761809e-01 2.445730e+00 -4.322079e+00) (0.000000e+00 0.000000e+00 0.000000e+00))
0.103974     	((1.228259e+02 1.089199e+03 -8.839831e-18) (6.110320e+00 9.433701e-01 5.286892e-20) (0.000000e+00 0.000000e+00 0.000000e+00)) ((-4.356796e+02 4.913038e+01 4.119778e+03) (-3.773480e-01 2.444128e+00 -4.314182e+00) (0.000000e+00 0.000000e+00 0.000000e+00))
0.104615     	((1.229546e+02 1.095810e+03 -8.835736e-18) (6.105828e+00 9.441281e-01 5.275326e-20) (0.000000e+00 0.000000e+00 0.000000e+00)) ((-4.383242e+02 4.918182e+01 4.130717e+03) (-3.776512e-01 2.442331e+00 -4.311943e+00) (0.000000e+00 0.000000e+00 0.000000e+00))
0.105256     	((1.231816e+02 1.097707e+03 -8.822166e-18) (6.101030e+00 9.459412e-01 5.264491e-20) (0.000000e+00 0.000000e+00 0.000000e+00)) ((-4.390829e+02 4.927265e+01 4.128992e+03) (-3.783765e-01 2.440412e+00 -4.305910e+00) (0.000000e+00 0.000000e+00 0.000000e+00))
0.105897     	((1.260976e+02 1.099451e+03 -8.762879e-18) (6.097026e+00 9.475578e-01 5.272108e-20) (0.000000e+00 0.000000e+00 0.000000e+00)) ((-4.397803e+02 5.043903e+01 4.117287e+03) (-3.790231e-01 2.438811e+00 -4.301552e+00) (0.000000e+00 0.000000e+00 0.000000e+00))
0.106538     	((1.274576e+02 1.097619e+03 -8.736561e-18) (6.092555e+00 9.485396e-01 5.228583e-20) (0.000000e+00 0.000000e+00 0.000000e+00)) ((-4.390474e+02 5.098303e+01 4.103445e+03) (-3.794159e-01 2.437022e+00 -4.298232e+00) (0.000000e+00 0.000000e+00 0.000000e+00))
0.107179     	((1.271021e+02 1.095889e+03 -8.712074e-18) (6.089389e+00 9.484820e-01 5.227907e-20) (0.000000e+00 0.000000e+00 0.000000e+00)) ((-4.383557e+02 5.084084e+01 4.096194e+03) (-3.793928e-01 2.435756e+00 -4.299790e+00) (0.000000e+00 0.000000e+00 0.000000e+00))
0.107821     	((1.274829e+02 1.093156e+03 -8.701894e-18) (6.086835e+00 9.513703e-01 5.171395e-20) (0.000000e+00 0.000000e+00 0.000000e+00)) ((-4.372625e+02 5.099317e+01 4.087934e+03) (-3.805481e-01 2.434734e+00 -4.293241e+00) (0.000000e+00 0.000000e+00 0.000000e+00))
0.108462     	((1.289530e+02 1.096850e+03 -8.657184e-18) (6.083126e+00 9.532657e-01 5.201063e-20) (0.000000e+00 0.000000e+00 0.000000e+00)) ((-4.387400e+02 5.158121e+01 4.099901e+03) (-3.813063e-01 2.433250e+00 -4.287786e+00) (0.000000e+00 0.000000e+00 0.000000e+00))
0.109103     	((1.286836e+02 1.097636e+03 -8.606169e-18) (6.078535e+00 9.550423e-01 5.211599e-20) (0.000000e+00 0.000000e+00 0.000000e+00)) ((-4.390545e+02 5.147345e+01 4.108343e+03) (-3.820169e-01 2.431414e+00 -4.281275e+00) (0.000000e+00 0.000000e+00 0.000000e+00))
0.109744     	((1.294126e+02 1.097113e+03 -8.614398e-18) (6.075981e+00 9.566078e-01 5.172081e-20) (0.000000e+00 0.000000e+00 0.000000e+00)) ((-4.388452e+02 5.176502e+01 4.106076e+03) (-3.826431e-01 2.430393e+00 -4.278402e+00) (0.000000e+00 0.000000e+00 0.000000e+00))
0.110385     	((1.293530e+02 1.102453e+03 -8.605191e-18) (6.070813e+00 9.588526e-01 5.177758e-20) (0.000000e+00 0.000000e+00 0.000000e+00)) ((-4.409812e+02 5.174120e+01 4.119736e+03) (-3.835410e-01 2.428325e+00 -4.269563e+00) (0.000000e+00 0.000000e+00 0.000000e+00))
0.111026     	((1.279269e+02 1.106352e+03 -8.587918e-18) (6.066972e+00 9.607194e-01 5.189940e-20) (0.000000e+00 0.000000e+00 0.000000e+00)) ((-4.425410e+02 5.117076e+01 4.124876e+03) (-3.842878e-01 2.426789e+00 -4.263829e+00) (0.000000e+00 0.000000e+00 0.000000e+00))
0.111667     	((1.276644e+02 1.114102e+03 -8.591166e-18) (6.063158e+00 9.620528e-01 5.209561e-20) (0.000000e+00 0.000000e+00 0.000000e+00)) ((-4.456406e+02 5.106576e+01 4.130636e+03) (-3.848211e-01 2.425263e+00 -4.259724e+00) (0.000000e+00 0.000000e+00 0.000000e+00))
0.112308     	((1.264848e+02 1.122754e+03 -8.620509e-18) (6.060224e+00 9.635143e-01 5.191495e-20) (0.000000e+00 0.000000e+00 0.000000e+00)) ((-4.491017e+02 5.059393e+01 4.138999e+03) (-3.854057e-01 2.424090e+00 -4.256495e+00) (0.000000e+00 0.000000e+00 0.000000e+00))
0.112949     	((1.236074e+02 1.128082e+03 -8.651995e-18) (6.056412e+00 9.656712e-01 5.157382e-20) (0.000000e+00 0.000000e+00 0.000000e+00)) ((-4.512330e+02 4.944297e+01 4.148604e+03) (-3.862685e-01 2.422565e+00 -4.249792e+00) (0.000000e+00 0.000000e+00 0.000000e+00))
0.11359      	((1.245153e+02 1.137733e+03 -8.652241e-18) (6.054012e+00 9.670353e-01 5.152083e-20) (0.000000e+00 0.000000e+00 0.000000e+00)) ((-4.550932e+02 4.980610e+01 4.172812e+03) (-3.868141e-01 2.421605e+00 -4.247514e+00) (0.000000e+00 0.000000e+00 0.000000e+00))
0.114231     	((1.220380e+02 1.143314e+03 -8.640538e-18) (6.050058e+00 9.684705e-01 5.200587e-20) (0.000000e+00 0.000000e+00 0.000000e+00)) ((-4.573256e+02 4.881521e+01 4.191204e+03) (-3.873882e-01 2.420023e+00 -4.242621e+00) (0.000000e+00 0.000000e+00 0.000000e+00))
0.114872     	((1.226690e+02 1.150491e+03 -8.630138e-18) (6.046944e+00 9.705548e-01 5.167223e-20) (0.000000e+00 0.000000e+00 0.000000e+00)) ((-4.601965e+02 4.906760e+01 4.212222e+03) (-3.882219e-01 2.418778e+00 -4.237060e+00) (0.000000e+00 0.000000e+00 0.000000e+00))
0.115513     	((1.221367e+02 1.154346e+03 -8.610151e-18) (6.043314e+00 9.729180e-01 5.187480e-20) (0.000000e+00 0.000000e+00 0.000000e+00)) ((-4.617385e+02 4.885466e+01 4.224506e+03) (-3.891672e-01 2.417325e+00 -4.229890e+00) (0.000000e+00 0.000000e+00 0.000000e+00))
0.116154     	((1.231525e+02 1.161783e+03 -8.585079e-18) (6.041025e+00 9.754586e-01 5.200813e-20) (0.000000e+00 0.000000e+00 0.000000e+00)) ((-4.647130e+02 4.926101e+01 4.244175e+03) (-3.901834e-01 2.416410e+00 -4.224182e+00) (0.000000e+00 0.000000e+00 0.000000e+00))
0.116795     	((1.238766e+02 1.164714e+03 -8.568341e-18) (6.037522e+00 9.771538e-01 5.196386e-20) (0.000000e+00 0.000000e+00 0.000000e+00)) ((-4.658858e+02 4.955065e+01 4.247600e+03) (-3.908615e-01 2.415009e+00 -4.219171e+00) (0.000000e+00 0.000000e+00 0.000000e+00))
0.117436     	((1.244391e+02 1.166084e+03 -8.580769e-18) (6.034082e+00 9.785697e-01 5.199442e-20) (0.000000e+00 0.000000e+00 0.000000e+00)) ((-4.664335e+02 4.977563e+01 4.245695e+03) (-3.914279e-01 2.413633e+00 -4.215006e+00) (0.000000e+00 0.000000e+00 0.000000e+00))
0.118077     	((1.231020e+02 1.162773e+03 -8.587033e-18) (6.030196e+00 9.808914e-01 5.183776e-20) (0.000000e+00 0.000000e+00 0.000000e+00)) ((-4.651092e+02 4.924079e+01 4.228916e+03) (-3.923566e-01 2.412078e+00 -4.207355e+00) (0.000000e+00 0.000000e+00 0.000000e+00))
0.118718     	((1.240663e+02 1.166102e+03 -8.561223e-18) (6.026972e+00 9.835155e-01 5.200448e-20) (0.000000e+00 0.000000e+00 0.000000e+00)) ((-4.664409e+02 4.962652e+01 4.232464e+03) (-3.934062e-01 2.410789e+00 -4.199690e+00) (0.000000e+00 0.000000e+00 0.000000e+00))
0.119359     	((1.244159e+02 1.166554e+03 -8.550976e-18) (6.024594e+00 9.853592e-01 5.208101e-20) (0.000000e+00 0.000000e+00 0.000000e+00)) ((-4.666218e+02 4.976638e+01 4.227817e+03) (-3.941437e-01 2.409838e+00 -4.195526e+00) (0.000000e+00 0.000000e+00 0.000000e+00))
0.12         	((1.253752e+02 1.169449e+03 -8.549859e-18) (6.020599e+00 9.871049e-01 5.185930e-20) (0.000000e+00 0.000000e+00 0.000000e+00)) ((-4.677795e+02 5.015007e+01 4.231515e+03) (-3.948419e-01 2.408240e+00 -4.189111e+00) (0.000000e+00 0.000000e+00 0.000000e+00))
0.120641     	((1.242917e+02 1.169461e+03 -8.533767e-18) (6.017699e+00 9.891927e-01 5.194439e-20) (0.000000e+00 0.000000e+00 0.000000e+00)) ((-4.677845e+02 4.971668e+01 4.229279e+03) (-3.956771e-01 2.407080e+00 -4.183215e+00) (0.000000e+00 0.000000e+00 0.000000e+00))
0.121282     	((1.229125e+02 1.171878e+03 -8.546690e-18) (6.014927e+00 9.912736e-01 5.181160e-20) (0.000000e+00 0.000000e+00 0.000000e+00)) ((-4.687510e+02 4.916500e+01 4.234808e+03) (-3.965094e-01 2.405971e+00 -4.177481e+00) (0.000000e+00 0.000000e+00 0.000000e+00))
0.121923     	((1.235828e+02 1.176376e+03 -8.540801e-18) (6.011164e+00 9.949578e-01 5.181901e-20) (0.000000e+00 0.000000e+00 0.000000e+00)) ((-4.705503e+02 4.943310e+01 4.245480e+03) (-3.979831e-01 2.404465e+00 -4.165409e+00) (0.000000e+00 0.000000e+00 0.000000e+00))
0.122564     	((1.237765e+02 1.183841e+03 -8.540018e-18) (6.008089e+00 9.949774e-01 5.205502e-20) (0.000000e+00 0.000000e+00 0.000000e+00)) ((-4.735362e+02 4.951060e+01 4.265067e+03) (-3.979909e-01 2.403235e+00 -4.165372e+00) (0.000000e+00 0.000000e+00 0.000000e+00))
0.123205     	((1.228840e+02 1.189237e+03 -8.529346e-18) (6.004585e+00 9.968806e-01 5.230106e-20) (0.000000e+00 0.000000e+00 0.000000e+00)) ((-4.756948e+02 4.915360e+01 4.278793e+03) (-3.987522e-01 2.401834e+00 -4.159014e+00) (0.000000e+00 0.000000e+00 0.000000e+00))
0.123846     	((1.212199e+02 1.190469e+03 -8.537658e-18) (6.001725e+00 9.987595e-01 5.222415e-20) (0.000000e+00 0.000000e+00 0.000000e+00)) ((-4.761878e+02 4.848795e+01 4.278294e+03) (-3.995038e-01 2.400690e+00 -4.153712e+00) (0.000000e+00 0.000000e+00 0.000000e+00))
0.124487     	((1.210834e+02 1.199575e+03 -8.553553e-18) (5.998523e+00 1.001490e+00 5.210830e-20) (0.000000e+00 0.000000e+00 0.000000e+00)) ((-4.798299e+02 4.843336e+01 4.296614e+03) (-4.005959e-01 2.399409e+00 -4.145345e+00) (0.000000e+00 0.000000e+00 0.000000e+00))
0.125128     	((1.208451e+02 1.204907e+03 -8.525971e-18) (5.995338e+00 1.003078e+00 5.256703e-20) (0.000000e+00 0.000000e+00 0.000000e+00)) ((-4.819627e+02 4.833805e+01 4.306120e+03) (-4.012311e-01 2.398135e+00 -4.140392e+00) (0.000000e+00 0.000000e+00 0.000000e+00))
0.125769     	((1.201957e+02 1.206874e+03 -8.556615e-18) (5.990930e+00 1.004625e+00 5.218361e-20) (0.000000e+00 0.000000e+00 0.000000e+00)) ((-4.827494e+02 4.807829e+01 4.305729e+03) (-4.018500e-01 2.396372e+00 -4.133670e+00) (0.000000e+00 0.000000e+00 0.000000e+00))
0.12641      	((1.200792e+02 1.209731e+03 -8.538308e-18) (5.987778e+00 1.007381e+00 5.239566e-20) (0.000000e+00 0.000000e+00 0.000000e+00)) ((-4.838924e+02 4.803169e+01 4.308710e+03) (-4.029523e-01 2.395111e+00 -4.125121e+00) (0.000000e+00 0.000000e+00 0.000000e+00))
0.127051     	((1.213111e+02 1.218126e+03 -8.542059e-18) (5.985689e+00 1.009285e+00 5.228642e-20) (0.000000e+00 0.000000e+00 0.000000e+00)) ((-4.872506e+02 4.852445e+01 4.324170e+03) (-4.037140e-01 2.394276e+00 -4.120634e+00) (0.000000e+00 0.000000e+00 0.000000e+00))
0.127692     	((1.222297e+02 1.224568e+03 -8.511733e-18) (5.981994e+00 1.011536e+00 5.263650e-20) (0.000000e+00 0.000000e+00 0.000000e+00)) ((-4.898274e+02 4.889189e+01 4.335185e+03) (-4.046145e-01 2.392797e+00 -4.112624e+00) (0.000000e+00 0.000000e+00 0.000000e+00))
0.128333     	((1.226709e+02 1.223721e+03 -8.524178e-18) (5.979875e+00 1.012456e+00 5.233721e-20) (0.000000e+00 0.000000e+00 0.000000e+00)) ((-4.894886e+02 4.906836e+01 4.329329e+03) (-4.049823e-01 2.391950e+00 -4.110910e+00) (0.000000e+00 0.000000e+00 0.000000e+00))
0.128974     	((1.235106e+02 1.228292e+03 -8.500510e-18) (5.976767e+00 1.014675e+00 5.232131e-20) (0.000000e+00 0.000000e+00 0.000000e+00)) ((-4.913167e+02 4.940425e+01 4.338498e+03) (-4.058701e-01 2.390707e+00 -4.103764e+00) (0.000000e+00 0.000000e+00 0.000000e+00))
0.129615     	((1.223688e+02 1.229111e+03 -8.495756e-18) (5.974111e+00 1.017012e+00 5.190324e-20) (0.000000e+00 0.000000e+00 0.000000e+00)) ((-4.916442e+02 4.894753e+01 4.339927e+03) (-4.068047e-01 2.389644e+00 -4.096875e+00) (0.000000e+00 0.000000e+00 0.000000e+00))
0.130256     	((1.238710e+02 1.234992e+03 -8.485255e-18) (5.972545e+00 1.018987e+00 5.216511e-20) (0.000000e+00 0.000000e+00 0.000000e+00)) ((-4.939969e+02 4.954840e+01 4.352050e+03) (-4.075946e-01 2.389018e+00 -4.092648e+00) (0.000000e+00 0.000000e+00 0.000000e+00))
0.130897     	((1.239511e+02 1.238923e+03 -8.483180e-18) (5.969160e+00 1.019738e+00 5.229509e-20) (0.000000e+00 0.000000e+00 0.000000e+00)) ((-4.955691e+02 4.958044e+01 4.360826e+03) (-4.078953e-01 2.387664e+00 -4.089309e+00) (0.000000e+00 0.000000e+00 0.000000e+00))
0.131538     	((1.242338e+02 1.240828e+03 -8.478259e-18) (5.965910e+00 1.021004e+00 5.218867e-20) (0.000000e+00 0.000000e+00 0.000000e+00)) ((-4.963313e+02 4.969354e+01 4.361230e+03) (-4.084015e-01 2.386364e+00 -4.084545e+00) (0.000000e+00 0.000000e+00 0.000000e+00))
0.132179     	((1.236851e+02 1.241400e+03 -8.448597e-18) (5.962984e+00 1.023542e+00 5.241840e-20) (0.000000e+00 0.000000e+00 0.000000e+00)) ((-4.965600e+02 4.947404e+01 4.357671e+03) (-4.094167e-01 2.385194e+00 -4.076382e+00) (0.000000e+00 0.000000e+00 0.000000e+00))
0.132821     	((1.232607e+02 1.243724e+03 -8.442507e-18) (5.960953e+00 1.025623e+00 5.205537e-20) (0.000000e+00 0.000000e+00 0.000000e+00)) ((-4.974895e+02 4.930428e+01 4.355084e+03) (-4.102491e-01 2.384381e+00 -4.070860e+00) (0.000000e+00 0.000000e+00 0.000000e+00))
0.133462     	((1.231472e+02 1.244816e+03 -8.445258e-18) (5.958075e+00 1.027270e+00 5.219509e-20) (0.000000e+00 0.000000e+00 0.000000e+00)) ((-4.979266e+02 4.925889e+01 4.352772e+03) (-4.109079e-01 2.383230e+00 -4.065284e+00) (0.000000e+00 0.000000e+00 0.000000e+00))
0.134103     	((1.243012e+02 1.251335e+03 -8.437782e-18) (5.953970e+00 1.027874e+00 5.211648e-20) (0.000000e+00 0.000000e+00 0.000000e+00)) ((-5.005339e+02 4.972046e+01 4.364214e+03) (-4.111495e-01 2.381588e+00 -4.060924e+00) (0.000000e+00 0.000000e+00 0.000000e+00))
0.134744     	((1.236372e+02 1.252700e+03 -8.418759e-18) (5.951415e+00 1.030471e+00 5.217376e-20) (0.000000e+00 0.000000e+00 0.000000e+00)) ((-5.010798e+02 4.945489e+01 4.361939e+03) (-4.121885e-01 2.380566e+00 -4.052791e+00) (0.000000e+00 0.000000e+00 0.000000e+00))
0.135385     	((1.223520e+02 1.254015e+03 -8.419726e-18) (5.949280e+00 1.031928e+00 5.164805e-20) (0.000000e+00 0.000000e+00 0.000000e+00)) ((-5.016058e+02 4.894082e+01 4.358636e+03) (-4.127712e-01 2.379712e+00 -4.048660e+00) (0.000000e+00 0.000000e+00 0.000000e+00))
0.136026     	((1.228155e+02 1.257480e+03 -8.407961e-18) (5.945936e+00 1.033624e+00 5.177215e-20) (0.000000e+00 0.000000e+00 0.000000e+00)) ((-5.029920e+02 4.912618e+01 4.363394e+03) (-4.134497e-01 2.378375e+00 -4.041932e+00) (0.000000e+00 0.000000e+00 0.000000e+00))
0.136667     	((1.238878e+02 1.264549e+03 -8.402751e-18) (5.943897e+00 1.035352e+00 5.161641e-20) (0.000000e+00 0.000000e+00 0.000000e+00)) ((-5.058198e+02 4.955511e+01 4.376664e+03) (-4.141406e-01 2.377559e+00 -4.036975e+00) (0.000000e+00 0.000000e+00 0.000000e+00))
0.137292     	((1.258120e+02 1.276113e+03 -8.362394e-18) (5.941303e+00 1.036557e+00 5.060123e-20) (0.000000e+00 0.000000e+00 0.000000e+00)) ((-5.104454e+02 5.032481e+01 4.402997e+03) (-4.146229e-01 2.376521e+00 -4.032578e+00) (0.000000e+00 0.000000e+00 0.000000e+00))
0.137908     	((1.272722e+02 1.283257e+03 -8.331353e-18) (5.937622e+00 1.037373e+00 5.061896e-20) (0.000000e+00 0.000000e+00 0.000000e+00)) ((-5.133026e+02 5.090887e+01 4.418472e+03) (-4.149492e-01 2.375049e+00 -4.027601e+00) (0.000000e+00 0.000000e+00 0.000000e+00))
0.138523     	((1.799925e+02 1.365691e+03 -2.441607e-18) (5.936969e+00 1.040553e+00 1.906027e-20) (0.000000e+00 0.000000e+00 0.000000e+00)) ((-5.462762e+02 7.199701e+01 4.615522e+03) (-4.162213e-01 2.374788e+00 -4.019374e+00) (0.000000e+00 0.000000e+00 0.000000e+00))
0.139138     	((1.329841e+02 1.269847e+03 -8.889199e-18) (5.933257e+00 1.041117e+00 5.394458e-20) (0.000000e+00 0.000000e+00 0.000000e+00)) ((-5.079389e+02 5.319364e+01 4.405349e+03) (-4.164469e-01 2.373303e+00 -4.015244e+00) (0.000000e+00 0.000000e+00 0.000000e+00))
0.139754     	((1.317374e+02 1.298318e+03 -5.998381e-18) (5.931339e+00 1.042580e+00 3.786423e-20) (0.000000e+00 0.000000e+00 0.000000e+00)) ((-5.193272e+02 5.269495e+01 4.424844e+03) (-4.170320e-01 2.372536e+00 -4.010646e+00) (0.000000e+00 0.000000e+00 0.000000e+00))
0.140375     	((1.348764e+02 1.256339e+03 -8.186616e-18) (5.928980e+00 1.043811e+00 4.994332e-20) (0.000000e+00 0.000000e+00 0.000000e+00)) ((-5.025355e+02 5.395058e+01 4.322554e+03) (-4.175242e-01 2.371592e+00 -4.006079e+00) (0.000000e+00 0.000000e+00 0.000000e+00))
0.141        	((1.062634e+02 1.312628e+03 -1.000246e-17) (5.927487e+00 1.045213e+00 5.919571e-20) (0.000000e+00 0.000000e+00 0.000000e+00)) ((-5.250511e+02 4.250534e+01 4.478253e+03) (-4.180852e-01 2.370995e+00 -4.002046e+00) (0.000000e+00 0.000000e+00 0.000000e+00))
0.141625     	((1.316612e+02 1.228050e+03 -7.996241e-18) (5.923247e+00 1.046123e+00 4.999761e-20) (0.000000e+00 0.000000e+00 0.000000e+00)) ((-4.912198e+02 5.266450e+01 4.231498e+03) (-4.184493e-01 2.369299e+00 -3.996362e+00) (0.000000e+00 0.000000e+00 0.000000e+00))
0.14225      	((1.317021e+02 1.235525e+03 -8.103886e-18) (5.921833e+00 1.047242e+00 4.944406e-20) (0.000000e+00 0.000000e+00 0.000000e+00)) ((-4.942098e+02 5.268085e+01 4.267396e+03) (-4.188967e-01 2.368733e+00 -3.992877e+00) (0.000000e+00 0.000000e+00 0.000000e+00))
0.142875     	((1.325416e+02 1.240799e+03 -8.112578e-18) (5.920738e+00 1.047905e+00 4.929532e-20) (0.000000e+00 0.000000e+00 0.000000e+00)) ((-4.963195e+02 5.301663e+01 4.280822e+03) (-4.191618e-01 2.368295e+00 -3.991172e+00) (0.000000e+00 0.000000e+00 0.000000e+00))
0.1435       	((1.179116e+02 1.357788e+03 -8.222914e-18) (5.916604e+00 1.048429e+00 4.985456e-20) (0.000000e+00 0.000000e+00 0.000000e+00)) ((-5.431151e+02 4.716464e+01 4.570171e+03) (-4.193714e-01 2.366642e+00 -3.986876e+00) (0.000000e+00 0.000000e+00 0.000000e+00))
0.144125     	((1.209139e+02 1.348751e+03 -8.340651e-18) (5.914208e+00 1.051102e+00 4.957245e-20) (0.000000e+00 0.000000e+00 0.000000e+00)) ((-5.395003e+02 4.836555e+01 4.538096e+03) (-4.204410e-01 2.365683e+00 -3.978595e+00) (0.000000e+00 0.000000e+00 0.000000e+00))
0.14475      	((1.254587e+02 1.324913e+03 -8.234940e-18) (5.910444e+00 1.052692e+00 4.956315e-20) (0.000000e+00 0.000000e+00 0.000000e+00)) ((-5.299652e+02 5.018350e+01 4.471329e+03) (-4.210770e-01 2.364177e+00 -3.970903e+00) (0.000000e+00 0.000000e+00 0.000000e+00))
0.145375     	((1.497648e+02 1.147493e+03 -7.889591e-18) (5.909203e+00 1.051782e+00 4.974388e-20) (0.000000e+00 0.000000e+00 0.000000e+00)) ((-4.589974e+02 5.990592e+01 4.023125e+03) (-4.207128e-01 2.363681e+00 -3.972078e+00) (0.000000e+00 0.000000e+00 0.000000e+00))
0.146        	((9.414830e+01 1.353059e+03 -8.790494e-18) (5.906316e+00 1.053070e+00 5.236203e-20) (0.000000e+00 0.000000e+00 0.000000e+00)) ((-5.412236e+02 3.765932e+01 4.575051e+03) (-4.212279e-01 2.362526e+00 -3.966431e+00) (0.000000e+00 0.000000e+00 0.000000e+00))
0.146625     	((1.470232e+02 1.338220e+03 -8.533800e-18) (5.902181e+00 1.053918e+00 5.055057e-20) (0.000000e+00 0.000000e+00 0.000000e+00)) ((-5.352879e+02 5.880927e+01 4.464135e+03) (-4.215674e-01 2.360872e+00 -3.961669e+00) (0.000000e+00 0.000000e+00 0.000000e+00))
0.14725      	((1.462144e+02 1.303525e+03 -8.337726e-18) (5.900832e+00 1.055665e+00 5.140108e-20) (0.000000e+00 0.000000e+00 0.000000e+00)) ((-5.214099e+02 5.848575e+01 4.390487e+03) (-4.222661e-01 2.360333e+00 -3.956082e+00) (0.000000e+00 0.000000e+00 0.000000e+00))
0.147875     	((1.133176e+02 1.188986e+03 -8.357503e-18) (5.898567e+00 1.055520e+00 5.161317e-20) (0.000000e+00 0.000000e+00 0.000000e+00)) ((-4.755943e+02 4.532705e+01 4.135893e+03) (-4.222081e-01 2.359427e+00 -3.955008e+00) (0.000000e+00 0.000000e+00 0.000000e+00))
0.1485       	((1.168625e+02 1.200352e+03 -8.523915e-18) (5.895704e+00 1.055921e+00 5.184455e-20) (0.000000e+00 0.000000e+00 0.000000e+00)) ((-4.801406e+02 4.674500e+01 4.141876e+03) (-4.223685e-01 2.358282e+00 -3.951405e+00) (0.000000e+00 0.000000e+00 0.000000e+00))
0.149125     	((1.333428e+02 1.324445e+03 -8.411643e-18) (5.893889e+00 1.057540e+00 5.044303e-20) (0.000000e+00 0.000000e+00 0.000000e+00)) ((-5.297779e+02 5.333713e+01 4.422972e+03) (-4.230161e-01 2.357556e+00 -3.945908e+00) (0.000000e+00 0.000000e+00 0.000000e+00))
0.14975      	((1.334345e+02 1.338739e+03 -8.267186e-18) (5.891664e+00 1.057850e+00 5.023785e-20) (0.000000e+00 0.000000e+00 0.000000e+00)) ((-5.354956e+02 5.337380e+01 4.490944e+03) (-4.231402e-01 2.356666e+00 -3.943925e+00) (0.000000e+00 0.000000e+00 0.000000e+00))
0.150375     	((1.269904e+02 1.321822e+03 -8.269205e-18) (5.888947e+00 1.058195e+00 5.040620e-20) (0.000000e+00 0.000000e+00 0.000000e+00)) ((-5.287287e+02 5.079614e+01 4.451440e+03) (-4.232780e-01 2.355579e+00 -3.941156e+00) (0.000000e+00 0.000000e+00 0.000000e+00))
0.151        	((1.217015e+02 1.286906e+03 -8.350339e-18) (5.886326e+00 1.058769e+00 5.039752e-20) (0.000000e+00 0.000000e+00 0.000000e+00)) ((-5.147625e+02 4.868059e+01 4.330469e+03) (-4.235075e-01 2.354531e+00 -3.937939e+00) (0.000000e+00 0.000000e+00 0.000000e+00))
0.151625     	((1.212628e+02 1.259838e+03 -8.334775e-18) (5.883643e+00 1.059295e+00 4.999490e-20) (0.000000e+00 0.000000e+00 0.000000e+00)) ((-5.039350e+02 4.850513e+01 4.245886e+03) (-4.237179e-01 2.353457e+00 -3.934305e+00) (0.000000e+00 0.000000e+00 0.000000e+00))
0.15225      	((1.286658e+02 1.261118e+03 -8.049549e-18) (5.881036e+00 1.059554e+00 4.949888e-20) (0.000000e+00 0.000000e+00 0.000000e+00)) ((-5.044471e+02 5.146631e+01 4.254776e+03) (-4.238215e-01 2.352415e+00 -3.931459e+00) (0.000000e+00 0.000000e+00 0.000000e+00))
0.152875     	((1.339203e+02 1.261264e+03 -8.088511e-18) (5.878108e+00 1.060609e+00 4.936094e-20) (0.000000e+00 0.000000e+00 0.000000e+00)) ((-5.045055e+02 5.356814e+01 4.259686e+03) (-4.242437e-01 2.351243e+00 -3.925710e+00) (0.000000e+00 0.000000e+00 0.000000e+00))
0.1535       	((1.366822e+02 1.261877e+03 -8.100868e-18) (5.875819e+00 1.060553e+00 4.950664e-20) (0.000000e+00 0.000000e+00 0.000000e+00)) ((-5.047507e+02 5.467288e+01 4.261972e+03) (-4.242213e-01 2.350328e+00 -3.924068e+00) (0.000000e+00 0.000000e+00 0.000000e+00))
0.154125     	((1.372206e+02 1.264449e+03 -8.103380e-18) (5.874125e+00 1.060137e+00 4.934770e-20) (0.000000e+00 0.000000e+00 0.000000e+00)) ((-5.057798e+02 5.488824e+01 4.265058e+03) (-4.240549e-01 2.349650e+00 -3.924285e+00) (0.000000e+00 0.000000e+00 0.000000e+00))
0.15475      	((1.334851e+02 1.276490e+03 -8.150720e-18) (5.871761e+00 1.060920e+00 4.915212e-20) (0.000000e+00 0.000000e+00 0.000000e+00)) ((-5.105962e+02 5.339404e+01 4.285335e+03) (-4.243681e-01 2.348704e+00 -3.919993e+00) (0.000000e+00 0.000000e+00 0.000000e+00))
0.155375     	((1.336192e+02 1.290823e+03 -8.134287e-18) (5.870676e+00 1.061392e+00 4.949702e-20) (0.000000e+00 0.000000e+00 0.000000e+00)) ((-5.163294e+02 5.344769e+01 4.312781e+03) (-4.245568e-01 2.348270e+00 -3.918718e+00) (0.000000e+00 0.000000e+00 0.000000e+00))
0.156        	((1.318813e+02 1.292962e+03 -8.158236e-18) (5.868281e+00 1.062107e+00 4.949539e-20) (0.000000e+00 0.000000e+00 0.000000e+00)) ((-5.171847e+02 5.275250e+01 4.315082e+03) (-4.248427e-01 2.347312e+00 -3.914723e+00) (0.000000e+00 0.000000e+00 0.000000e+00))
0.156625     	((1.310398e+02 1.299171e+03 -8.213537e-18) (5.865405e+00 1.062052e+00 4.978041e-20) (0.000000e+00 0.000000e+00 0.000000e+00)) ((-5.196684e+02 5.241591e+01 4.327135e+03) (-4.248207e-01 2.346162e+00 -3.912328e+00) (0.000000e+00 0.000000e+00 0.000000e+00))
0.15725      	((1.275900e+02 1.298990e+03 -8.277672e-18) (5.863303e+00 1.062263e+00 4.959640e-20) (0.000000e+00 0.000000e+00 0.000000e+00)) ((-5.195958e+02 5.103601e+01 4.324787e+03) (-4.249051e-01 2.345321e+00 -3.910313e+00) (0.000000e+00 0.000000e+00 0.000000e+00))
0.157875     	((1.273379e+02 1.301265e+03 -8.295059e-18) (5.861952e+00 1.062098e+00 4.947952e-20) (0.000000e+00 0.000000e+00 0.000000e+00)) ((-5.205060e+02 5.093516e+01 4.327713e+03) (-4.248392e-01 2.344781e+00 -3.910636e+00) (0.000000e+00 0.000000e+00 0.000000e+00))
0.1585       	((1.263183e+02 1.302771e+03 -8.258425e-18) (5.858313e+00 1.062406e+00 5.000275e-20) (0.000000e+00 0.000000e+00 0.000000e+00)) ((-5.211084e+02 5.052732e+01 4.330636e+03) (-4.249625e-01 2.343325e+00 -3.906149e+00) (0.000000e+00 0.000000e+00 0.000000e+00))
0.159125     	((1.261224e+02 1.296623e+03 -8.254090e-18) (5.857292e+00 1.062001e+00 4.984180e-20) (0.000000e+00 0.000000e+00 0.000000e+00)) ((-5.186493e+02 5.044898e+01 4.310589e+03) (-4.248003e-01 2.342917e+00 -3.907742e+00) (0.000000e+00 0.000000e+00 0.000000e+00))
0.15975      	((1.263317e+02 1.288556e+03 -8.254629e-18) (5.855231e+00 1.062655e+00 4.970470e-20) (0.000000e+00 0.000000e+00 0.000000e+00)) ((-5.154226e+02 5.053267e+01 4.282772e+03) (-4.250621e-01 2.342092e+00 -3.904567e+00) (0.000000e+00 0.000000e+00 0.000000e+00))
0.160375     	((1.282182e+02 1.275906e+03 -8.248571e-18) (5.852071e+00 1.062895e+00 4.973935e-20) (0.000000e+00 0.000000e+00 0.000000e+00)) ((-5.103625e+02 5.128728e+01 4.243654e+03) (-4.251580e-01 2.340828e+00 -3.900797e+00) (0.000000e+00 0.000000e+00 0.000000e+00))
0.161        	((1.309227e+02 1.270656e+03 -8.234632e-18) (5.849616e+00 1.063171e+00 4.986065e-20) (0.000000e+00 0.000000e+00 0.000000e+00)) ((-5.082623e+02 5.236908e+01 4.228473e+03) (-4.252683e-01 2.339846e+00 -3.897755e+00) (0.000000e+00 0.000000e+00 0.000000e+00))
0.161625     	((1.330466e+02 1.266867e+03 -8.227414e-18) (5.846773e+00 1.063816e+00 4.978186e-20) (0.000000e+00 0.000000e+00 0.000000e+00)) ((-5.067467e+02 5.321864e+01 4.218421e+03) (-4.255264e-01 2.338709e+00 -3.892851e+00) (0.000000e+00 0.000000e+00 0.000000e+00))
0.16225      	((1.360302e+02 1.266386e+03 -8.203025e-18) (5.844598e+00 1.063178e+00 5.004903e-20) (0.000000e+00 0.000000e+00 0.000000e+00)) ((-5.065544e+02 5.441207e+01 4.215958e+03) (-4.252711e-01 2.337839e+00 -3.892786e+00) (0.000000e+00 0.000000e+00 0.000000e+00))
0.162875     	((1.363056e+02 1.261114e+03 -8.201106e-18) (5.841955e+00 1.063379e+00 4.981403e-20) (0.000000e+00 0.000000e+00 0.000000e+00)) ((-5.044455e+02 5.452224e+01 4.201285e+03) (-4.253515e-01 2.336782e+00 -3.889453e+00) (0.000000e+00 0.000000e+00 0.000000e+00))
0.1635       	((1.372012e+02 1.260791e+03 -8.208912e-18) (5.839963e+00 1.062972e+00 4.980997e-20) (0.000000e+00 0.000000e+00 0.000000e+00)) ((-5.043164e+02 5.488047e+01 4.197194e+03) (-4.251890e-01 2.335985e+00 -3.888907e+00) (0.000000e+00 0.000000e+00 0.000000e+00))
0.164125     	((1.348795e+02 1.260267e+03 -8.232583e-18) (5.838357e+00 1.063066e+00 4.943368e-20) (0.000000e+00 0.000000e+00 0.000000e+00)) ((-5.041066e+02 5.395179e+01 4.192324e+03) (-4.252264e-01 2.335343e+00 -3.887446e+00) (0.000000e+00 0.000000e+00 0.000000e+00))
0.16475      	((1.326741e+02 1.265778e+03 -8.275192e-18) (5.836110e+00 1.063692e+00 4.985966e-20) (0.000000e+00 0.000000e+00 0.000000e+00)) ((-5.063111e+02 5.306964e+01 4.199978e+03) (-4.254770e-01 2.334444e+00 -3.883512e+00) (0.000000e+00 0.000000e+00 0.000000e+00))
0.165385     	((1.321854e+02 1.272136e+03 -8.291369e-18) (5.832502e+00 1.064876e+00 5.059873e-20) (0.000000e+00 0.000000e+00 0.000000e+00)) ((-5.088543e+02 5.287415e+01 4.210322e+03) (-4.259503e-01 2.333001e+00 -3.875969e+00) (0.000000e+00 0.000000e+00 0.000000e+00))
0.166026     	((1.286162e+02 1.275064e+03 -8.315480e-18) (5.829052e+00 1.064226e+00 5.090828e-20) (0.000000e+00 0.000000e+00 0.000000e+00)) ((-5.100255e+02 5.144647e+01 4.217423e+03) (-4.256906e-01 2.331621e+00 -3.874267e+00) (0.000000e+00 0.000000e+00 0.000000e+00))
0.166667     	((1.293322e+02 1.285455e+03 -8.390036e-18) (5.827029e+00 1.063974e+00 5.066943e-20) (0.000000e+00 0.000000e+00 0.000000e+00)) ((-5.141818e+02 5.173289e+01 4.241201e+03) (-4.255896e-01 2.330812e+00 -3.873555e+00) (0.000000e+00 0.000000e+00 0.000000e+00))
0.167308     	((1.289549e+02 1.294694e+03 -8.396933e-18) (5.822361e+00 1.063109e+00 5.110014e-20) (0.000000e+00 0.000000e+00 0.000000e+00)) ((-5.178775e+02 5.158197e+01 4.265036e+03) (-4.252436e-01 2.328945e+00 -3.870774e+00) (0.000000e+00 0.000000e+00 0.000000e+00))
0.167949     	((1.280042e+02 1.294626e+03 -8.429042e-18) (5.819672e+00 1.064862e+00 5.125479e-20) (0.000000e+00 0.000000e+00 0.000000e+00)) ((-5.178505e+02 5.120167e+01 4.263231e+03) (-4.259450e-01 2.327869e+00 -3.863089e+00) (0.000000e+00 0.000000e+00 0.000000e+00))
0.16859      	((1.272910e+02 1.295122e+03 -8.499677e-18) (5.817120e+00 1.065242e+00 5.118982e-20) (0.000000e+00 0.000000e+00 0.000000e+00)) ((-5.180490e+02 5.091639e+01 4.260259e+03) (-4.260968e-01 2.326848e+00 -3.859758e+00) (0.000000e+00 0.000000e+00 0.000000e+00))
0.169231     	((1.303258e+02 1.299204e+03 -8.486676e-18) (5.814401e+00 1.065307e+00 5.135140e-20) (0.000000e+00 0.000000e+00 0.000000e+00)) ((-5.196815e+02 5.213032e+01 4.265835e+03) (-4.261228e-01 2.325760e+00 -3.857096e+00) (0.000000e+00 0.000000e+00 0.000000e+00))
0.169872     	((1.306610e+02 1.293922e+03 -8.466362e-18) (5.812389e+00 1.065477e+00 5.144051e-20) (0.000000e+00 0.000000e+00 0.000000e+00)) ((-5.175688e+02 5.226441e+01 4.247437e+03) (-4.261909e-01 2.324955e+00 -3.855188e+00) (0.000000e+00 0.000000e+00 0.000000e+00))
0.170513     	((1.320488e+02 1.288332e+03 -8.452209e-18) (5.809430e+00 1.065473e+00 5.118925e-20) (0.000000e+00 0.000000e+00 0.000000e+00)) ((-5.153330e+02 5.281951e+01 4.226099e+03) (-4.261892e-01 2.323772e+00 -3.852328e+00) (0.000000e+00 0.000000e+00 0.000000e+00))
0.171154     	((1.327759e+02 1.284326e+03 -8.463231e-18) (5.808096e+00 1.065198e+00 5.090888e-20) (0.000000e+00 0.000000e+00 0.000000e+00)) ((-5.137306e+02 5.311035e+01 4.212355e+03) (-4.260790e-01 2.323238e+00 -3.852686e+00) (0.000000e+00 0.000000e+00 0.000000e+00))
0.171795     	((1.332856e+02 1.283591e+03 -8.461953e-18) (5.804167e+00 1.065939e+00 5.094449e-20) (0.000000e+00 0.000000e+00 0.000000e+00)) ((-5.134364e+02 5.331424e+01 4.209461e+03) (-4.263755e-01 2.321667e+00 -3.846049e+00) (0.000000e+00 0.000000e+00 0.000000e+00))
0.172436     	((1.346300e+02 1.278111e+03 -8.426872e-18) (5.801897e+00 1.066111e+00 5.148018e-20) (0.000000e+00 0.000000e+00 0.000000e+00)) ((-5.112444e+02 5.385199e+01 4.193051e+03) (-4.264442e-01 2.320759e+00 -3.843504e+00) (0.000000e+00 0.000000e+00 0.000000e+00))
0.173077     	((1.362020e+02 1.274283e+03 -8.430695e-18) (5.799507e+00 1.065312e+00 5.127092e-20) (0.000000e+00 0.000000e+00 0.000000e+00)) ((-5.097133e+02 5.448080e+01 4.181779e+03) (-4.261247e-01 2.319803e+00 -3.843602e+00) (0.000000e+00 0.000000e+00 0.000000e+00))
0.173718     	((1.347448e+02 1.263344e+03 -8.402533e-18) (5.795900e+00 1.065809e+00 5.126699e-20) (0.000000e+00 0.000000e+00 0.000000e+00)) ((-5.053374e+02 5.389792e+01 4.152728e+03) (-4.263234e-01 2.318360e+00 -3.837956e+00) (0.000000e+00 0.000000e+00 0.000000e+00))
0.174359     	((1.343275e+02 1.258247e+03 -8.403818e-18) (5.793903e+00 1.065672e+00 5.120903e-20) (0.000000e+00 0.000000e+00 0.000000e+00)) ((-5.032988e+02 5.373101e+01 4.136732e+03) (-4.262689e-01 2.317561e+00 -3.836626e+00) (0.000000e+00 0.000000e+00 0.000000e+00))
0.175        	((1.323869e+02 1.256768e+03 -8.400269e-18) (5.791956e+00 1.065806e+00 5.067619e-20) (0.000000e+00 0.000000e+00 0.000000e+00)) ((-5.027073e+02 5.295474e+01 4.129456e+03) (-4.263225e-01 2.316782e+00 -3.834585e+00) (0.000000e+00 0.000000e+00 0.000000e+00))
0.175641     	((1.308338e+02 1.254275e+03 -8.387044e-18) (5.788974e+00 1.066318e+00 5.085351e-20) (0.000000e+00 0.000000e+00 0.000000e+00)) ((-5.017101e+02 5.233354e+01 4.116010e+03) (-4.265273e-01 2.315590e+00 -3.829928e+00) (0.000000e+00 0.000000e+00 0.000000e+00))
0.176282     	((1.323236e+02 1.262420e+03 -8.337875e-18) (5.787419e+00 1.066488e+00 5.064925e-20) (0.000000e+00 0.000000e+00 0.000000e+00)) ((-5.049680e+02 5.292944e+01 4.125561e+03) (-4.265953e-01 2.314968e+00 -3.828428e+00) (0.000000e+00 0.000000e+00 0.000000e+00))
0.176923     	((1.309165e+02 1.261484e+03 -8.326744e-18) (5.784338e+00 1.066841e+00 5.080047e-20) (0.000000e+00 0.000000e+00 0.000000e+00)) ((-5.045935e+02 5.236659e+01 4.122708e+03) (-4.267363e-01 2.313735e+00 -3.824072e+00) (0.000000e+00 0.000000e+00 0.000000e+00))
0.177564     	((1.307572e+02 1.266522e+03 -8.332924e-18) (5.781763e+00 1.066465e+00 5.006773e-20) (0.000000e+00 0.000000e+00 0.000000e+00)) ((-5.066086e+02 5.230290e+01 4.137325e+03) (-4.265862e-01 2.312705e+00 -3.822669e+00) (0.000000e+00 0.000000e+00 0.000000e+00))
0.178205     	((1.328946e+02 1.273787e+03 -8.290041e-18) (5.778271e+00 1.067921e+00 4.992576e-20) (0.000000e+00 0.000000e+00 0.000000e+00)) ((-5.095148e+02 5.315784e+01 4.154661e+03) (-4.271686e-01 2.311308e+00 -3.814398e+00) (0.000000e+00 0.000000e+00 0.000000e+00))
0.178846     	((1.327261e+02 1.275772e+03 -8.243294e-18) (5.774537e+00 1.066817e+00 4.986934e-20) (0.000000e+00 0.000000e+00 0.000000e+00)) ((-5.103088e+02 5.309044e+01 4.156534e+03) (-4.267267e-01 2.309815e+00 -3.813444e+00) (0.000000e+00 0.000000e+00 0.000000e+00))
0.179487     	((1.335803e+02 1.278419e+03 -8.214424e-18) (5.771451e+00 1.067684e+00 4.972897e-20) (0.000000e+00 0.000000e+00 0.000000e+00)) ((-5.113677e+02 5.343213e+01 4.159908e+03) (-4.270736e-01 2.308580e+00 -3.807516e+00) (0.000000e+00 0.000000e+00 0.000000e+00))
0.180128     	((1.330060e+02 1.274923e+03 -8.173705e-18) (5.770084e+00 1.068426e+00 4.958848e-20) (0.000000e+00 0.000000e+00 0.000000e+00)) ((-5.099691e+02 5.320242e+01 4.146535e+03) (-4.273706e-01 2.308034e+00 -3.804558e+00) (0.000000e+00 0.000000e+00 0.000000e+00))
0.180769     	((1.364459e+02 1.274698e+03 -8.099869e-18) (5.768135e+00 1.067961e+00 4.890816e-20) (0.000000e+00 0.000000e+00 0.000000e+00)) ((-5.098792e+02 5.457834e+01 4.134745e+03) (-4.271845e-01 2.307254e+00 -3.804342e+00) (0.000000e+00 0.000000e+00 0.000000e+00))
0.18141      	((1.369168e+02 1.273440e+03 -8.088024e-18) (5.764781e+00 1.068193e+00 4.861398e-20) (0.000000e+00 0.000000e+00 0.000000e+00)) ((-5.093759e+02 5.476674e+01 4.128653e+03) (-4.272771e-01 2.305912e+00 -3.799870e+00) (0.000000e+00 0.000000e+00 0.000000e+00))
0.182051     	((1.378773e+02 1.265920e+03 -8.027874e-18) (5.761866e+00 1.068568e+00 4.871119e-20) (0.000000e+00 0.000000e+00 0.000000e+00)) ((-5.063681e+02 5.515092e+01 4.104019e+03) (-4.274272e-01 2.304746e+00 -3.795550e+00) (0.000000e+00 0.000000e+00 0.000000e+00))
0.182692     	((1.344927e+02 1.253193e+03 -8.063520e-18) (5.759757e+00 1.068732e+00 4.844067e-20) (0.000000e+00 0.000000e+00 0.000000e+00)) ((-5.012773e+02 5.379709e+01 4.071120e+03) (-4.274926e-01 2.303903e+00 -3.792939e+00) (0.000000e+00 0.000000e+00 0.000000e+00))
0.183333     	((1.349940e+02 1.251161e+03 -8.028128e-18) (5.757158e+00 1.068853e+00 4.851128e-20) (0.000000e+00 0.000000e+00 0.000000e+00)) ((-5.004645e+02 5.399760e+01 4.065350e+03) (-4.275413e-01 2.302863e+00 -3.789700e+00) (0.000000e+00 0.000000e+00 0.000000e+00))
0.183974     	((1.339740e+02 1.250561e+03 -7.990326e-18) (5.754123e+00 1.069669e+00 4.840285e-20) (0.000000e+00 0.000000e+00 0.000000e+00)) ((-5.002246e+02 5.358960e+01 4.063987e+03) (-4.278675e-01 2.301649e+00 -3.783692e+00) (0.000000e+00 0.000000e+00 0.000000e+00))
0.184615     	((1.348544e+02 1.251015e+03 -7.958493e-18) (5.751969e+00 1.069708e+00 4.856726e-20) (0.000000e+00 0.000000e+00 0.000000e+00)) ((-5.004059e+02 5.394177e+01 4.061536e+03) (-4.278832e-01 2.300788e+00 -3.781352e+00) (0.000000e+00 0.000000e+00 0.000000e+00))
0.185256     	((1.341120e+02 1.250526e+03 -7.969335e-18) (5.748788e+00 1.070083e+00 4.828663e-20) (0.000000e+00 0.000000e+00 0.000000e+00)) ((-5.002105e+02 5.364480e+01 4.059042e+03) (-4.280333e-01 2.299515e+00 -3.776462e+00) (0.000000e+00 0.000000e+00 0.000000e+00))
0.185897     	((1.341992e+02 1.250556e+03 -7.973608e-18) (5.745263e+00 1.069921e+00 4.856445e-20) (0.000000e+00 0.000000e+00 0.000000e+00)) ((-5.002226e+02 5.367967e+01 4.055392e+03) (-4.279682e-01 2.298105e+00 -3.772669e+00) (0.000000e+00 0.000000e+00 0.000000e+00))
0.186538     	((1.331793e+02 1.247843e+03 -8.019611e-18) (5.741809e+00 1.069736e+00 4.791683e-20) (0.000000e+00 0.000000e+00 0.000000e+00)) ((-4.991373e+02 5.327172e+01 4.044885e+03) (-4.278944e-01 2.296723e+00 -3.769034e+00) (0.000000e+00 0.000000e+00 0.000000e+00))
0.187179     	((1.325382e+02 1.248413e+03 -8.010663e-18) (5.740030e+00 1.071304e+00 4.823970e-20) (0.000000e+00 0.000000e+00 0.000000e+00)) ((-4.993653e+02 5.301528e+01 4.044638e+03) (-4.285216e-01 2.296012e+00 -3.762602e+00) (0.000000e+00 0.000000e+00 0.000000e+00))
0.187821     	((1.315417e+02 1.248605e+03 -8.030001e-18) (5.737890e+00 1.071784e+00 4.841117e-20) (0.000000e+00 0.000000e+00 0.000000e+00)) ((-4.994421e+02 5.261669e+01 4.039613e+03) (-4.287136e-01 2.295156e+00 -3.758853e+00) (0.000000e+00 0.000000e+00 0.000000e+00))
0.188462     	((1.343579e+02 1.256617e+03 -8.036321e-18) (5.733741e+00 1.071934e+00 4.868853e-20) (0.000000e+00 0.000000e+00 0.000000e+00)) ((-5.026466e+02 5.374318e+01 4.050324e+03) (-4.287736e-01 2.293496e+00 -3.753029e+00) (0.000000e+00 0.000000e+00 0.000000e+00))
0.189103     	((1.336217e+02 1.255396e+03 -8.082130e-18) (5.729864e+00 1.072095e+00 4.811715e-20) (0.000000e+00 0.000000e+00 0.000000e+00)) ((-5.021584e+02 5.344868e+01 4.043967e+03) (-4.288379e-01 2.291945e+00 -3.747560e+00) (0.000000e+00 0.000000e+00 0.000000e+00))
0.189744     	((1.327930e+02 1.258129e+03 -8.083068e-18) (5.726689e+00 1.072304e+00 4.847342e-20) (0.000000e+00 0.000000e+00 0.000000e+00)) ((-5.032517e+02 5.311722e+01 4.051514e+03) (-4.289215e-01 2.290675e+00 -3.743002e+00) (0.000000e+00 0.000000e+00 0.000000e+00))
0.190385     	((1.324184e+02 1.257700e+03 -8.124476e-18) (5.724886e+00 1.073872e+00 4.861459e-20) (0.000000e+00 0.000000e+00 0.000000e+00)) ((-5.030799e+02 5.296737e+01 4.049896e+03) (-4.295487e-01 2.289954e+00 -3.736413e+00) (0.000000e+00 0.000000e+00 0.000000e+00))
0.191026     	((1.335362e+02 1.255492e+03 -8.133440e-18) (5.721172e+00 1.075137e+00 4.882391e-20) (0.000000e+00 0.000000e+00 0.000000e+00)) ((-5.021966e+02 5.341449e+01 4.044643e+03) (-4.300546e-01 2.288469e+00 -3.727862e+00) (0.000000e+00 0.000000e+00 0.000000e+00))
0.191667     	((1.334156e+02 1.253480e+03 -8.136796e-18) (5.718427e+00 1.075275e+00 4.918843e-20) (0.000000e+00 0.000000e+00 0.000000e+00)) ((-5.013922e+02 5.336623e+01 4.039255e+03) (-4.301100e-01 2.287371e+00 -3.724088e+00) (0.000000e+00 0.000000e+00 0.000000e+00))
0.192308     	((1.112927e+02 1.137019e+03 -1.110546e-17) (5.714146e+00 1.075769e+00 6.484247e-20) (0.000000e+00 0.000000e+00 0.000000e+00)) ((-4.548074e+02 4.451710e+01 3.738862e+03) (-4.303074e-01 2.285658e+00 -3.716653e+00) (0.000000e+00 0.000000e+00 0.000000e+00))
0.192949     	((1.460216e+02 1.377441e+03 -5.938017e-18) (5.712052e+00 1.077115e+00 3.622151e-20) (0.000000e+00 0.000000e+00 0.000000e+00)) ((-5.509764e+02 5.840864e+01 4.354934e+03) (-4.308461e-01 2.284821e+00 -3.710627e+00) (0.000000e+00 0.000000e+00 0.000000e+00))
0.19359      	((1.392964e+02 1.197378e+03 -8.113506e-18) (5.708576e+00 1.077922e+00 4.904192e-20) (0.000000e+00 0.000000e+00 0.000000e+00)) ((-4.789512e+02 5.571855e+01 3.834824e+03) (-4.311688e-01 2.283430e+00 -3.703761e+00) (0.000000e+00 0.000000e+00 0.000000e+00))
0.194231     	((1.386349e+02 1.192166e+03 -8.188203e-18) (5.705337e+00 1.078779e+00 4.901948e-20) (0.000000e+00 0.000000e+00 0.000000e+00)) ((-4.768666e+02 5.545395e+01 3.851884e+03) (-4.315117e-01 2.282135e+00 -3.696258e+00) (0.000000e+00 0.000000e+00 0.000000e+00))
0.194872     	((9.804398e+01 1.287893e+03 -1.011641e-17) (5.702283e+00 1.078996e+00 5.840378e-20) (0.000000e+00 0.000000e+00 0.000000e+00)) ((-5.151572e+02 3.921759e+01 4.176511e+03) (-4.315985e-01 2.280913e+00 -3.692258e+00) (0.000000e+00 0.000000e+00 0.000000e+00))
0.195513     	((1.495707e+02 1.124099e+03 -7.102583e-18) (5.698207e+00 1.079832e+00 4.410023e-20) (0.000000e+00 0.000000e+00 0.000000e+00)) ((-4.496395e+02 5.982828e+01 3.671439e+03) (-4.319330e-01 2.279283e+00 -3.684176e+00) (0.000000e+00 0.000000e+00 0.000000e+00))
0.196154     	((1.431961e+02 1.212907e+03 -7.341368e-18) (5.695932e+00 1.080389e+00 4.399915e-20) (0.000000e+00 0.000000e+00 0.000000e+00)) ((-4.851626e+02 5.727843e+01 3.898091e+03) (-4.321555e-01 2.278373e+00 -3.679179e+00) (0.000000e+00 0.000000e+00 0.000000e+00))
0.196795     	((1.150582e+02 1.387556e+03 -7.994423e-18) (5.691277e+00 1.081475e+00 4.713823e-20) (0.000000e+00 0.000000e+00 0.000000e+00)) ((-5.550223e+02 4.602330e+01 4.382080e+03) (-4.325900e-01 2.276511e+00 -3.671098e+00) (0.000000e+00 0.000000e+00 0.000000e+00))
0.197436     	((1.239287e+02 1.208847e+03 -9.611925e-18) (5.687759e+00 1.082188e+00 5.645720e-20) (0.000000e+00 0.000000e+00 0.000000e+00)) ((-4.835387e+02 4.957147e+01 3.889326e+03) (-4.328751e-01 2.275104e+00 -3.664641e+00) (0.000000e+00 0.000000e+00 0.000000e+00))
0.198077     	((1.454077e+02 1.142714e+03 -6.820031e-18) (5.686013e+00 1.083157e+00 4.296630e-20) (0.000000e+00 0.000000e+00 0.000000e+00)) ((-4.570856e+02 5.816306e+01 3.740070e+03) (-4.332628e-01 2.274405e+00 -3.659334e+00) (0.000000e+00 0.000000e+00 0.000000e+00))
0.198718     	((1.410633e+02 1.171753e+03 -7.034924e-18) (5.683004e+00 1.083701e+00 4.338097e-20) (0.000000e+00 0.000000e+00 0.000000e+00)) ((-4.687011e+02 5.642533e+01 3.823007e+03) (-4.334803e-01 2.273202e+00 -3.653380e+00) (0.000000e+00 0.000000e+00 0.000000e+00))
0.199359     	((1.055966e+02 1.377341e+03 -9.368750e-18) (5.677553e+00 1.085162e+00 5.335749e-20) (0.000000e+00 0.000000e+00 0.000000e+00)) ((-5.509364e+02 4.223864e+01 4.313839e+03) (-4.340648e-01 2.271021e+00 -3.643845e+00) (0.000000e+00 0.000000e+00 0.000000e+00))
0.2          	((1.714396e+02 1.012393e+03 -6.949885e-18) (5.674468e+00 1.085044e+00 4.467766e-20) (0.000000e+00 0.000000e+00 0.000000e+00)) ((-4.049573e+02 6.857582e+01 3.386040e+03) (-4.340177e-01 2.269787e+00 -3.640568e+00) (0.000000e+00 0.000000e+00 0.000000e+00))
