# Forces     
# CofR       : (0.000000e+00 0.000000e+00 0.000000e+00)
# Time       forces(pressure viscous porous) moment(pressure viscous porous)
0.00044165   	((-7.986076e+02 -1.693032e+03 -4.804212e-18) (7.173234e+00 -5.737358e-02 4.333545e-20) (0.000000e+00 0.000000e+00 0.000000e+00)) ((6.772129e+02 -3.194430e+02 -6.495694e+02) (2.294943e-02 2.869293e+00 -6.992562e+00) (0.000000e+00 0.000000e+00 0.000000e+00))
0.000791296  	((1.431414e+03 2.197911e+02 5.146301e-18) (7.833012e+00 -5.163380e-02 4.271788e-20) (0.000000e+00 0.000000e+00 0.000000e+00)) ((-8.791644e+01 5.725656e+02 -1.269269e+03) (2.065352e-02 3.133205e+00 -7.299566e+00) (0.000000e+00 0.000000e+00 0.000000e+00))
0.00114453   	((1.740752e+03 2.366734e+02 5.638329e-18) (8.299461e+00 1.436265e-02 3.526824e-20) (0.000000e+00 0.000000e+00 0.000000e+00)) ((-9.466935e+01 6.963007e+02 -2.268939e+03) (-5.745059e-03 3.319784e+00 -7.278607e+00) (0.000000e+00 0.000000e+00 0.000000e+00))
0.00150151   	((1.971241e+03 4.299666e+02 7.533606e-18) (8.547014e+00 1.997438e-01 2.152121e-20) (0.000000e+00 0.000000e+00 0.000000e+00)) ((-1.719866e+02 7.884964e+02 -2.372474e+03) (-7.989750e-02 3.418805e+00 -6.754910e+00) (0.000000e+00 0.000000e+00 0.000000e+00))
0.00186594   	((1.960320e+03 1.217571e+03 7.360445e-18) (8.873443e+00 3.428841e-01 1.601873e-20) (0.000000e+00 0.000000e+00 0.000000e+00)) ((-4.870284e+02 7.841280e+02 -2.511986e+02) (-1.371536e-01 3.549377e+00 -6.283110e+00) (0.000000e+00 0.000000e+00 0.000000e+00))
0.00223037   	((1.874212e+03 1.083193e+03 6.743429e-18) (9.189502e+00 4.431676e-01 1.070164e-20) (0.000000e+00 0.000000e+00 0.000000e+00)) ((-4.332770e+02 7.496848e+02 -4.660978e+02) (-1.772670e-01 3.675801e+00 -6.001574e+00) (0.000000e+00 0.000000e+00 0.000000e+00))
0.00259479   	((1.883397e+03 1.077349e+03 7.756361e-18) (9.467941e+00 5.241880e-01 -1.607780e-23) (0.000000e+00 0.000000e+00 0.000000e+00)) ((-4.309395e+02 7.533587e+02 -4.637657e+02) (-2.096752e-01 3.787176e+00 -5.811723e+00) (0.000000e+00 0.000000e+00 0.000000e+00))
0.00295922   	((1.783675e+03 1.021494e+03 7.094802e-18) (9.656089e+00 5.969195e-01 -2.094175e-21) (0.000000e+00 0.000000e+00 0.000000e+00)) ((-4.085976e+02 7.134700e+02 -4.076193e+02) (-2.387678e-01 3.862436e+00 -5.554816e+00) (0.000000e+00 0.000000e+00 0.000000e+00))
0.00332364   	((1.754624e+03 1.004980e+03 7.002886e-18) (9.768703e+00 6.712612e-01 -4.772363e-21) (0.000000e+00 0.000000e+00 0.000000e+00)) ((-4.019921e+02 7.018494e+02 -2.819378e+02) (-2.685045e-01 3.907481e+00 -5.213852e+00) (0.000000e+00 0.000000e+00 0.000000e+00))
0.00368807   	((1.651541e+03 8.851233e+02 6.478277e-18) (9.840286e+00 7.369693e-01 -6.111028e-21) (0.000000e+00 0.000000e+00 0.000000e+00)) ((-3.540493e+02 6.606163e+02 -3.799818e+02) (-2.947877e-01 3.936114e+00 -4.876262e+00) (0.000000e+00 0.000000e+00 0.000000e+00))
0.00405249   	((1.628975e+03 9.053300e+02 6.393596e-18) (9.901522e+00 7.892627e-01 -7.360115e-21) (0.000000e+00 0.000000e+00 0.000000e+00)) ((-3.621320e+02 6.515900e+02 -1.582575e+02) (-3.157051e-01 3.960609e+00 -4.608563e+00) (0.000000e+00 0.000000e+00 0.000000e+00))
0.00441692   	((1.567298e+03 9.373785e+02 6.590045e-18) (9.967098e+00 8.277911e-01 -9.444171e-21) (0.000000e+00 0.000000e+00 0.000000e+00)) ((-3.749514e+02 6.269194e+02 1.543825e+02) (-3.311164e-01 3.986839e+00 -4.438041e+00) (0.000000e+00 0.000000e+00 0.000000e+00))
0.00478134   	((1.446412e+03 7.483361e+02 5.737901e-18) (1.002822e+01 8.567677e-01 -9.698408e-21) (0.000000e+00 0.000000e+00 0.000000e+00)) ((-2.993344e+02 5.785648e+02 -1.190241e+02) (-3.427071e-01 4.011287e+00 -4.324797e+00) (0.000000e+00 0.000000e+00 0.000000e+00))
0.00515625   	((1.393154e+03 7.458081e+02 5.963993e-18) (1.007981e+01 8.855519e-01 -1.136054e-20) (0.000000e+00 0.000000e+00 0.000000e+00)) ((-2.983232e+02 5.572614e+02 9.433655e+01) (-3.542208e-01 4.031923e+00 -4.217663e+00) (0.000000e+00 0.000000e+00 0.000000e+00))
0.00554688   	((1.342526e+03 6.491288e+02 5.897221e-18) (1.012480e+01 9.131336e-01 -9.962059e-21) (0.000000e+00 0.000000e+00 0.000000e+00)) ((-2.596515e+02 5.370104e+02 2.729947e+00) (-3.652534e-01 4.049921e+00 -4.123842e+00) (0.000000e+00 0.000000e+00 0.000000e+00))
0.00594448   	((1.244296e+03 4.942880e+02 5.685865e-18) (1.015643e+01 9.321679e-01 -1.012920e-20) (0.000000e+00 0.000000e+00 0.000000e+00)) ((-1.977152e+02 4.977184e+02 -2.001646e+02) (-3.728672e-01 4.062574e+00 -4.056934e+00) (0.000000e+00 0.000000e+00 0.000000e+00))
0.00634208   	((1.220762e+03 4.033328e+02 6.277148e-18) (1.017058e+01 9.445561e-01 -1.135942e-20) (0.000000e+00 0.000000e+00 0.000000e+00)) ((-1.613331e+02 4.883047e+02 -2.512424e+02) (-3.778224e-01 4.068232e+00 -4.008292e+00) (0.000000e+00 0.000000e+00 0.000000e+00))
0.00673968   	((1.170426e+03 2.951815e+02 6.684306e-18) (1.016982e+01 9.552763e-01 -1.238611e-20) (0.000000e+00 0.000000e+00 0.000000e+00)) ((-1.180726e+02 4.681703e+02 -3.364847e+02) (-3.821105e-01 4.067928e+00 -3.964157e+00) (0.000000e+00 0.000000e+00 0.000000e+00))
0.00713728   	((1.068874e+03 3.283045e+02 5.440133e-18) (1.015704e+01 9.684345e-01 -9.962086e-21) (0.000000e+00 0.000000e+00 0.000000e+00)) ((-1.313218e+02 4.275495e+02 -1.335134e+02) (-3.873738e-01 4.062814e+00 -3.906645e+00) (0.000000e+00 0.000000e+00 0.000000e+00))
0.00753488   	((1.057133e+03 1.754848e+02 6.293162e-18) (1.013434e+01 9.795481e-01 -1.081515e-20) (0.000000e+00 0.000000e+00 0.000000e+00)) ((-7.019393e+01 4.228532e+02 -3.763423e+02) (-3.918192e-01 4.053736e+00 -3.836748e+00) (0.000000e+00 0.000000e+00 0.000000e+00))
0.00792005   	((1.054043e+03 -2.974889e+01 6.832542e-18) (1.011280e+01 9.894544e-01 -1.139037e-20) (0.000000e+00 0.000000e+00 0.000000e+00)) ((1.189956e+01 4.216172e+02 -7.570560e+02) (-3.957817e-01 4.045121e+00 -3.777931e+00) (0.000000e+00 0.000000e+00 0.000000e+00))
0.00830523   	((9.782960e+02 -7.372214e+01 6.230818e-18) (1.008742e+01 9.958836e-01 -8.422828e-21) (0.000000e+00 0.000000e+00 0.000000e+00)) ((2.948886e+01 3.913184e+02 -7.762544e+02) (-3.983534e-01 4.034969e+00 -3.738068e+00) (0.000000e+00 0.000000e+00 0.000000e+00))
0.0086904    	((9.641329e+02 -2.075759e+02 6.242516e-18) (1.004749e+01 9.977314e-01 -7.350342e-21) (0.000000e+00 0.000000e+00 0.000000e+00)) ((8.303036e+01 3.856532e+02 -9.955943e+02) (-3.990926e-01 4.018996e+00 -3.705120e+00) (0.000000e+00 0.000000e+00 0.000000e+00))
0.00907558   	((9.603144e+02 -3.588772e+02 6.416816e-18) (9.994581e+00 9.966391e-01 -6.368848e-21) (0.000000e+00 0.000000e+00 0.000000e+00)) ((1.435509e+02 3.841258e+02 -1.272368e+03) (-3.986556e-01 3.997832e+00 -3.673432e+00) (0.000000e+00 0.000000e+00 0.000000e+00))
0.00944535   	((9.190552e+02 -3.850838e+02 5.814648e-18) (9.935288e+00 9.936411e-01 -5.462716e-21) (0.000000e+00 0.000000e+00 0.000000e+00)) ((1.540335e+02 3.676221e+02 -1.268705e+03) (-3.974564e-01 3.974115e+00 -3.643070e+00) (0.000000e+00 0.000000e+00 0.000000e+00))
0.00979201   	((9.320469e+02 -4.340020e+02 6.451808e-18) (9.873425e+00 9.906241e-01 -9.352691e-21) (0.000000e+00 0.000000e+00 0.000000e+00)) ((1.736008e+02 3.728188e+02 -1.264077e+03) (-3.962497e-01 3.949370e+00 -3.607990e+00) (0.000000e+00 0.000000e+00 0.000000e+00))
0.0101527    	((8.668543e+02 -5.502360e+02 5.270930e-18) (9.804787e+00 9.900619e-01 -5.187214e-21) (0.000000e+00 0.000000e+00 0.000000e+00)) ((2.200944e+02 3.467417e+02 -1.481844e+03) (-3.960248e-01 3.921915e+00 -3.562420e+00) (0.000000e+00 0.000000e+00 0.000000e+00))
0.0105426    	((8.646629e+02 -5.619718e+02 5.027096e-18) (9.725844e+00 9.915796e-01 -2.972964e-21) (0.000000e+00 0.000000e+00 0.000000e+00)) ((2.247887e+02 3.458652e+02 -1.408834e+03) (-3.966318e-01 3.890338e+00 -3.500802e+00) (0.000000e+00 0.000000e+00 0.000000e+00))
0.0109434    	((8.102572e+02 -6.678713e+02 4.245645e-18) (9.633104e+00 9.966611e-01 -3.845520e-21) (0.000000e+00 0.000000e+00 0.000000e+00)) ((2.671485e+02 3.241029e+02 -1.591171e+03) (-3.986645e-01 3.853242e+00 -3.410035e+00) (0.000000e+00 0.000000e+00 0.000000e+00))
0.0113364    	((7.961071e+02 -6.524143e+02 4.011822e-18) (9.531930e+00 1.003676e+00 -8.662737e-21) (0.000000e+00 0.000000e+00 0.000000e+00)) ((2.609657e+02 3.184429e+02 -1.524623e+03) (-4.014706e-01 3.812772e+00 -3.301484e+00) (0.000000e+00 0.000000e+00 0.000000e+00))
0.0117261    	((8.182036e+02 -7.370379e+02 3.961461e-18) (9.430426e+00 1.007140e+00 -6.127284e-21) (0.000000e+00 0.000000e+00 0.000000e+00)) ((2.948152e+02 3.272814e+02 -1.668577e+03) (-4.028560e-01 3.772170e+00 -3.199221e+00) (0.000000e+00 0.000000e+00 0.000000e+00))
0.0121254    	((8.091381e+02 -7.392777e+02 3.678194e-18) (9.331142e+00 1.009166e+00 -6.458980e-21) (0.000000e+00 0.000000e+00 0.000000e+00)) ((2.957111e+02 3.236552e+02 -1.631166e+03) (-4.036663e-01 3.732457e+00 -3.106645e+00) (0.000000e+00 0.000000e+00 0.000000e+00))
0.0125437    	((7.832556e+02 -7.793928e+02 3.398731e-18) (9.230033e+00 1.013807e+00 -5.995719e-21) (0.000000e+00 0.000000e+00 0.000000e+00)) ((3.117571e+02 3.133023e+02 -1.720978e+03) (-4.055228e-01 3.692013e+00 -3.014250e+00) (0.000000e+00 0.000000e+00 0.000000e+00))
0.0129672    	((7.849836e+02 -8.382233e+02 3.176868e-18) (9.125862e+00 1.019851e+00 -4.774980e-21) (0.000000e+00 0.000000e+00 0.000000e+00)) ((3.352893e+02 3.139934e+02 -1.895704e+03) (-4.079403e-01 3.650345e+00 -2.920375e+00) (0.000000e+00 0.000000e+00 0.000000e+00))
0.0133907    	((8.100863e+02 -9.556811e+02 3.411522e-18) (9.013323e+00 1.025775e+00 -4.961404e-21) (0.000000e+00 0.000000e+00 0.000000e+00)) ((3.822724e+02 3.240345e+02 -2.240456e+03) (-4.103099e-01 3.605329e+00 -2.817581e+00) (0.000000e+00 0.000000e+00 0.000000e+00))
0.0138142    	((8.617465e+02 -8.872347e+02 4.050371e-18) (8.897151e+00 1.029299e+00 -6.581984e-21) (0.000000e+00 0.000000e+00 0.000000e+00)) ((3.548939e+02 3.446986e+02 -2.012465e+03) (-4.117196e-01 3.558860e+00 -2.713731e+00) (0.000000e+00 0.000000e+00 0.000000e+00))
0.0142377    	((8.246721e+02 -7.987049e+02 3.365042e-18) (8.781905e+00 1.031279e+00 -6.178282e-21) (0.000000e+00 0.000000e+00 0.000000e+00)) ((3.194820e+02 3.298688e+02 -1.855506e+03) (-4.125116e-01 3.512762e+00 -2.607597e+00) (0.000000e+00 0.000000e+00 0.000000e+00))
0.0146612    	((8.339799e+02 -8.250528e+02 3.438144e-18) (8.672450e+00 1.033491e+00 -5.170910e-21) (0.000000e+00 0.000000e+00 0.000000e+00)) ((3.300211e+02 3.335919e+02 -1.951669e+03) (-4.133964e-01 3.468980e+00 -2.507610e+00) (0.000000e+00 0.000000e+00 0.000000e+00))
0.0150877    	((9.020197e+02 -7.128679e+02 4.165868e-18) (8.574657e+00 1.037589e+00 -5.948467e-21) (0.000000e+00 0.000000e+00 0.000000e+00)) ((2.851471e+02 3.608079e+02 -1.707866e+03) (-4.150356e-01 3.429863e+00 -2.422875e+00) (0.000000e+00 0.000000e+00 0.000000e+00))
0.0155263    	((8.930057e+02 -7.162026e+02 4.069507e-18) (8.475798e+00 1.042686e+00 -5.019760e-21) (0.000000e+00 0.000000e+00 0.000000e+00)) ((2.864810e+02 3.572023e+02 -1.727978e+03) (-4.170744e-01 3.390319e+00 -2.344587e+00) (0.000000e+00 0.000000e+00 0.000000e+00))
0.0159649    	((8.999440e+02 -6.678660e+02 4.009993e-18) (8.387452e+00 1.048513e+00 -4.933400e-21) (0.000000e+00 0.000000e+00 0.000000e+00)) ((2.671464e+02 3.599776e+02 -1.703027e+03) (-4.194054e-01 3.354981e+00 -2.283286e+00) (0.000000e+00 0.000000e+00 0.000000e+00))
0.0164035    	((8.841989e+02 -5.209482e+02 3.814041e-18) (8.306160e+00 1.053265e+00 -5.902963e-21) (0.000000e+00 0.000000e+00 0.000000e+00)) ((2.083793e+02 3.536796e+02 -1.320770e+03) (-4.213060e-01 3.322464e+00 -2.227536e+00) (0.000000e+00 0.000000e+00 0.000000e+00))
0.0168421    	((9.541254e+02 -5.347115e+02 4.985164e-18) (8.220008e+00 1.057849e+00 -8.286745e-21) (0.000000e+00 0.000000e+00 0.000000e+00)) ((2.138846e+02 3.816502e+02 -1.379351e+03) (-4.231397e-01 3.288003e+00 -2.159495e+00) (0.000000e+00 0.000000e+00 0.000000e+00))
0.0172807    	((9.308277e+02 -4.170068e+02 4.411737e-18) (8.143083e+00 1.061125e+00 -6.157309e-21) (0.000000e+00 0.000000e+00 0.000000e+00)) ((1.668027e+02 3.723311e+02 -1.146435e+03) (-4.244501e-01 3.257233e+00 -2.099649e+00) (0.000000e+00 0.000000e+00 0.000000e+00))
0.0177193    	((9.152627e+02 -3.832510e+02 4.624347e-18) (8.056153e+00 1.063797e+00 -5.542762e-21) (0.000000e+00 0.000000e+00 0.000000e+00)) ((1.533004e+02 3.661051e+02 -1.052169e+03) (-4.255186e-01 3.222461e+00 -2.027232e+00) (0.000000e+00 0.000000e+00 0.000000e+00))
0.0181417    	((9.538214e+02 -2.145890e+02 5.098763e-18) (7.963987e+00 1.064637e+00 -7.248683e-21) (0.000000e+00 0.000000e+00 0.000000e+00)) ((8.583559e+01 3.815285e+02 -6.941774e+02) (-4.258550e-01 3.185595e+00 -1.949500e+00) (0.000000e+00 0.000000e+00 0.000000e+00))
0.0185556    	((1.001115e+03 -2.377651e+02 6.058759e-18) (7.849488e+00 1.063929e+00 -1.241068e-20) (0.000000e+00 0.000000e+00 0.000000e+00)) ((9.510605e+01 4.004462e+02 -7.502877e+02) (-4.255717e-01 3.139795e+00 -1.843008e+00) (0.000000e+00 0.000000e+00 0.000000e+00))
0.0189568    	((9.699613e+02 -1.678328e+02 5.601327e-18) (7.729960e+00 1.060278e+00 -9.047421e-21) (0.000000e+00 0.000000e+00 0.000000e+00)) ((6.713311e+01 3.879845e+02 -5.973368e+02) (-4.241110e-01 3.091984e+00 -1.729352e+00) (0.000000e+00 0.000000e+00 0.000000e+00))
0.019358     	((9.809307e+02 -7.946872e+01 5.787074e-18) (7.614878e+00 1.056148e+00 -7.583369e-21) (0.000000e+00 0.000000e+00 0.000000e+00)) ((3.178749e+01 3.923723e+02 -4.014270e+02) (-4.224592e-01 3.045951e+00 -1.618258e+00) (0.000000e+00 0.000000e+00 0.000000e+00))
0.0197593    	((1.021523e+03 -2.088238e+01 6.783162e-18) (7.507306e+00 1.055112e+00 -9.919934e-21) (0.000000e+00 0.000000e+00 0.000000e+00)) ((8.352950e+00 4.086092e+02 -2.582787e+02) (-4.220448e-01 3.002922e+00 -1.507026e+00) (0.000000e+00 0.000000e+00 0.000000e+00))
0.0201667    	((9.765130e+02 -3.946274e+01 5.985284e-18) (7.403797e+00 1.055982e+00 -2.296711e-21) (0.000000e+00 0.000000e+00 0.000000e+00)) ((1.578510e+01 3.906052e+02 -3.132987e+02) (-4.223926e-01 2.961519e+00 -1.397306e+00) (0.000000e+00 0.000000e+00 0.000000e+00))
0.0205909    	((9.707903e+02 -2.131198e+01 6.037404e-18) (7.303412e+00 1.058698e+00 -2.803163e-21) (0.000000e+00 0.000000e+00 0.000000e+00)) ((8.524793e+00 3.883161e+02 -2.668581e+02) (-4.234794e-01 2.921365e+00 -1.289364e+00) (0.000000e+00 0.000000e+00 0.000000e+00))
0.0210286    	((9.656307e+02 2.982605e+01 6.170832e-18) (7.205935e+00 1.062155e+00 -4.603578e-21) (0.000000e+00 0.000000e+00 0.000000e+00)) ((-1.193042e+01 3.862523e+02 -1.492720e+02) (-4.248619e-01 2.882374e+00 -1.183023e+00) (0.000000e+00 0.000000e+00 0.000000e+00))
0.0214799    	((9.636512e+02 8.989020e+01 6.336057e-18) (7.112111e+00 1.068113e+00 -5.088773e-21) (0.000000e+00 0.000000e+00 0.000000e+00)) ((-3.595608e+01 3.854605e+02 -2.304454e+00) (-4.272450e-01 2.844844e+00 -1.076671e+00) (0.000000e+00 0.000000e+00 0.000000e+00))
0.0219312    	((9.679998e+02 1.201725e+02 6.519331e-18) (7.026862e+00 1.072169e+00 -5.358728e-21) (0.000000e+00 0.000000e+00 0.000000e+00)) ((-4.806901e+01 3.871999e+02 6.977109e+01) (-4.288678e-01 2.810745e+00 -9.846707e-01) (0.000000e+00 0.000000e+00 0.000000e+00))
0.0223825    	((9.786008e+02 1.198103e+02 6.809281e-18) (6.948541e+00 1.075092e+00 -5.777602e-21) (0.000000e+00 0.000000e+00 0.000000e+00)) ((-4.792412e+01 3.914403e+02 6.159943e+01) (-4.300367e-01 2.779416e+00 -9.062078e-01) (0.000000e+00 0.000000e+00 0.000000e+00))
0.0228338    	((9.866466e+02 1.013131e+02 7.142895e-18) (6.875433e+00 1.080315e+00 -6.492659e-21) (0.000000e+00 0.000000e+00 0.000000e+00)) ((-4.052523e+01 3.946586e+02 2.035905e+01) (-4.321260e-01 2.750173e+00 -8.316734e-01) (0.000000e+00 0.000000e+00 0.000000e+00))
0.0232851    	((9.949401e+02 8.995002e+01 7.391471e-18) (6.805316e+00 1.085020e+00 -7.166567e-21) (0.000000e+00 0.000000e+00 0.000000e+00)) ((-3.598001e+01 3.979760e+02 -9.507022e+00) (-4.340079e-01 2.722126e+00 -7.600966e-01) (0.000000e+00 0.000000e+00 0.000000e+00))
0.0237364    	((9.868419e+02 9.684348e+01 7.623470e-18) (6.737197e+00 1.090704e+00 -7.390390e-21) (0.000000e+00 0.000000e+00 0.000000e+00)) ((-3.873739e+01 3.947368e+02 1.852771e+01) (-4.362817e-01 2.694879e+00 -6.897122e-01) (0.000000e+00 0.000000e+00 0.000000e+00))
0.0241877    	((9.846747e+02 1.141696e+02 7.771567e-18) (6.666786e+00 1.095909e+00 -8.106079e-21) (0.000000e+00 0.000000e+00 0.000000e+00)) ((-4.566785e+01 3.938699e+02 7.699748e+01) (-4.383638e-01 2.666714e+00 -6.175593e-01) (0.000000e+00 0.000000e+00 0.000000e+00))
0.024639     	((9.805749e+02 1.064327e+02 7.890871e-18) (6.591658e+00 1.097995e+00 -8.285133e-21) (0.000000e+00 0.000000e+00 0.000000e+00)) ((-4.257307e+01 3.922300e+02 5.088431e+01) (-4.391981e-01 2.636663e+00 -5.466196e-01) (0.000000e+00 0.000000e+00 0.000000e+00))
0.0250926    	((9.492451e+02 2.397280e+01 7.466590e-18) (6.508934e+00 1.097977e+00 -5.463514e-21) (0.000000e+00 0.000000e+00 0.000000e+00)) ((-9.589118e+00 3.796980e+02 -1.480211e+02) (-4.391910e-01 2.603574e+00 -4.708451e-01) (0.000000e+00 0.000000e+00 0.000000e+00))
0.0255556    	((9.854863e+02 8.353924e+01 8.344776e-18) (6.416108e+00 1.095773e+00 -7.884787e-21) (0.000000e+00 0.000000e+00 0.000000e+00)) ((-3.341570e+01 3.941945e+02 3.950166e+01) (-4.383093e-01 2.566443e+00 -3.858425e-01) (0.000000e+00 0.000000e+00 0.000000e+00))
0.0260185    	((9.847601e+02 2.026167e+00 8.412555e-18) (6.319138e+00 1.092375e+00 -9.459229e-21) (0.000000e+00 0.000000e+00 0.000000e+00)) ((-8.104669e-01 3.939040e+02 -1.836241e+02) (-4.369498e-01 2.527655e+00 -2.966838e-01) (0.000000e+00 0.000000e+00 0.000000e+00))
0.0264815    	((9.730845e+02 -4.269372e+01 8.635866e-18) (6.220916e+00 1.087976e+00 -8.787208e-21) (0.000000e+00 0.000000e+00 0.000000e+00)) ((1.707749e+01 3.892338e+02 -2.815980e+02) (-4.351905e-01 2.488366e+00 -2.089988e-01) (0.000000e+00 0.000000e+00 0.000000e+00))
0.0269418    	((9.517679e+02 -3.311768e+01 7.966668e-18) (6.124686e+00 1.082112e+00 -1.478270e-21) (0.000000e+00 0.000000e+00 0.000000e+00)) ((1.324707e+01 3.807072e+02 -2.247688e+02) (-4.328449e-01 2.449874e+00 -1.288753e-01) (0.000000e+00 0.000000e+00 0.000000e+00))
0.0273915    	((9.584760e+02 -4.161979e+01 8.332740e-18) (6.035907e+00 1.077070e+00 -4.563305e-21) (0.000000e+00 0.000000e+00 0.000000e+00)) ((1.664791e+01 3.833904e+02 -2.678854e+02) (-4.308279e-01 2.414363e+00 -5.828670e-02) (0.000000e+00 0.000000e+00 0.000000e+00))
0.0278413    	((9.720373e+02 -1.622357e+02 8.923002e-18) (5.951701e+00 1.072386e+00 -3.903666e-21) (0.000000e+00 0.000000e+00 0.000000e+00)) ((6.489428e+01 3.888149e+02 -5.409455e+02) (-4.289545e-01 2.380681e+00 3.748798e-03) (0.000000e+00 0.000000e+00 0.000000e+00))
0.028291     	((9.958245e+02 -1.198351e+02 9.108399e-18) (5.873462e+00 1.068640e+00 -1.914077e-21) (0.000000e+00 0.000000e+00 0.000000e+00)) ((4.793403e+01 3.983298e+02 -4.137757e+02) (-4.274560e-01 2.349385e+00 5.732641e-02) (0.000000e+00 0.000000e+00 0.000000e+00))
0.0287407    	((9.492269e+02 -1.371135e+02 8.526567e-18) (5.801061e+00 1.066193e+00 2.508314e-21) (0.000000e+00 0.000000e+00 0.000000e+00)) ((5.484538e+01 3.796908e+02 -4.688067e+02) (-4.264772e-01 2.320424e+00 1.036860e-01) (0.000000e+00 0.000000e+00 0.000000e+00))
0.0291905    	((9.622635e+02 -1.937491e+02 8.980577e-18) (5.735364e+00 1.065210e+00 2.601307e-21) (0.000000e+00 0.000000e+00 0.000000e+00)) ((7.749966e+01 3.849054e+02 -5.780167e+02) (-4.260839e-01 2.294146e+00 1.418141e-01) (0.000000e+00 0.000000e+00 0.000000e+00))
0.0296402    	((9.666578e+02 -1.963345e+02 8.968169e-18) (5.674588e+00 1.065381e+00 3.147422e-21) (0.000000e+00 0.000000e+00 0.000000e+00)) ((7.853378e+01 3.866631e+02 -5.967142e+02) (-4.261523e-01 2.269835e+00 1.758706e-01) (0.000000e+00 0.000000e+00 0.000000e+00))
0.0300909    	((9.742878e+02 -2.169214e+02 9.454472e-18) (5.617276e+00 1.065356e+00 -1.411314e-21) (0.000000e+00 0.000000e+00 0.000000e+00)) ((8.676856e+01 3.897151e+02 -6.494581e+02) (-4.261426e-01 2.246910e+00 2.056684e-01) (0.000000e+00 0.000000e+00 0.000000e+00))
0.0305455    	((9.480024e+02 -2.724262e+02 8.968024e-18) (5.561025e+00 1.066287e+00 4.854312e-21) (0.000000e+00 0.000000e+00 0.000000e+00)) ((1.089705e+02 3.792010e+02 -7.683429e+02) (-4.265149e-01 2.224410e+00 2.367993e-01) (0.000000e+00 0.000000e+00 0.000000e+00))
0.0310021    	((9.473370e+02 -2.211217e+02 9.039934e-18) (5.508061e+00 1.068643e+00 4.484124e-21) (0.000000e+00 0.000000e+00 0.000000e+00)) ((8.844867e+01 3.789348e+02 -6.370135e+02) (-4.274571e-01 2.203224e+00 2.673182e-01) (0.000000e+00 0.000000e+00 0.000000e+00))
0.0314669    	((9.596508e+02 -2.447391e+02 9.545555e-18) (5.457888e+00 1.071655e+00 7.125257e-22) (0.000000e+00 0.000000e+00 0.000000e+00)) ((9.789563e+01 3.838603e+02 -7.072801e+02) (-4.286618e-01 2.183155e+00 2.951555e-01) (0.000000e+00 0.000000e+00 0.000000e+00))
0.0319318    	((9.071227e+02 -2.445162e+02 8.477964e-18) (5.410578e+00 1.075198e+00 4.746882e-21) (0.000000e+00 0.000000e+00 0.000000e+00)) ((9.780650e+01 3.628491e+02 -7.143248e+02) (-4.300791e-01 2.164231e+00 3.211563e-01) (0.000000e+00 0.000000e+00 0.000000e+00))
0.0323967    	((9.584756e+02 -2.472382e+02 9.394011e-18) (5.365470e+00 1.078648e+00 2.360406e-21) (0.000000e+00 0.000000e+00 0.000000e+00)) ((9.889529e+01 3.833903e+02 -6.948780e+02) (-4.314593e-01 2.146188e+00 3.453295e-01) (0.000000e+00 0.000000e+00 0.000000e+00))
0.0328616    	((9.444683e+02 -2.505849e+02 9.479620e-18) (5.323235e+00 1.082541e+00 -1.853474e-21) (0.000000e+00 0.000000e+00 0.000000e+00)) ((1.002340e+02 3.777873e+02 -7.415313e+02) (-4.330164e-01 2.129294e+00 3.671843e-01) (0.000000e+00 0.000000e+00 0.000000e+00))
0.0333264    	((9.873058e+02 -2.417103e+02 9.875861e-18) (5.283421e+00 1.085869e+00 1.236283e-21) (0.000000e+00 0.000000e+00 0.000000e+00)) ((9.668410e+01 3.949223e+02 -6.842302e+02) (-4.343475e-01 2.113368e+00 3.851883e-01) (0.000000e+00 0.000000e+00 0.000000e+00))
0.0337669    	((9.368447e+02 -1.851842e+02 9.128176e-18) (5.248034e+00 1.088659e+00 2.128098e-21) (0.000000e+00 0.000000e+00 0.000000e+00)) ((7.407369e+01 3.747379e+02 -5.633008e+02) (-4.354634e-01 2.099214e+00 3.983905e-01) (0.000000e+00 0.000000e+00 0.000000e+00))
0.0342073    	((9.496711e+02 -2.381546e+02 9.548183e-18) (5.211038e+00 1.090546e+00 -8.662854e-22) (0.000000e+00 0.000000e+00 0.000000e+00)) ((9.526183e+01 3.798685e+02 -6.957635e+02) (-4.362183e-01 2.084415e+00 4.131971e-01) (0.000000e+00 0.000000e+00 0.000000e+00))
0.0346477    	((9.942225e+02 -1.886911e+02 1.021460e-17) (5.173749e+00 1.092201e+00 -2.373817e-21) (0.000000e+00 0.000000e+00 0.000000e+00)) ((7.547646e+01 3.976890e+02 -5.419182e+02) (-4.368805e-01 2.069500e+00 4.293642e-01) (0.000000e+00 0.000000e+00 0.000000e+00))
0.0350909    	((9.352913e+02 -1.799624e+02 9.056358e-18) (5.134646e+00 1.093953e+00 1.384790e-21) (0.000000e+00 0.000000e+00 0.000000e+00)) ((7.198497e+01 3.741165e+02 -5.375218e+02) (-4.375812e-01 2.053859e+00 4.487964e-01) (0.000000e+00 0.000000e+00 0.000000e+00))
0.0355455    	((9.779163e+02 -1.568590e+02 1.003310e-17) (5.093884e+00 1.094996e+00 -4.590889e-21) (0.000000e+00 0.000000e+00 0.000000e+00)) ((6.274360e+01 3.911665e+02 -4.679856e+02) (-4.379984e-01 2.037553e+00 4.692782e-01) (0.000000e+00 0.000000e+00 0.000000e+00))
0.036        	((9.086459e+02 -1.228244e+02 8.697901e-18) (5.051533e+00 1.095107e+00 -4.627063e-22) (0.000000e+00 0.000000e+00 0.000000e+00)) ((4.912978e+01 3.634583e+02 -4.169572e+02) (-4.380428e-01 2.020613e+00 4.920499e-01) (0.000000e+00 0.000000e+00 0.000000e+00))
0.0364502    	((9.590890e+02 -1.356638e+02 9.434002e-18) (5.007968e+00 1.095002e+00 -2.050963e-21) (0.000000e+00 0.000000e+00 0.000000e+00)) ((5.426551e+01 3.836356e+02 -4.103512e+02) (-4.380009e-01 2.003187e+00 5.167816e-01) (0.000000e+00 0.000000e+00 0.000000e+00))
0.0368871    	((9.879627e+02 -6.563355e+01 1.012272e-17) (4.964001e+00 1.094764e+00 -8.076026e-21) (0.000000e+00 0.000000e+00 0.000000e+00)) ((2.625342e+01 3.951851e+02 -2.642373e+02) (-4.379055e-01 1.985600e+00 5.451628e-01) (0.000000e+00 0.000000e+00 0.000000e+00))
0.0373144    	((9.278399e+02 -8.571503e+01 9.054252e-18) (4.917919e+00 1.095291e+00 -3.009424e-21) (0.000000e+00 0.000000e+00 0.000000e+00)) ((3.428601e+01 3.711360e+02 -3.197127e+02) (-4.381162e-01 1.967168e+00 5.790464e-01) (0.000000e+00 0.000000e+00 0.000000e+00))
0.037734     	((9.583530e+02 -1.267598e+02 9.375271e-18) (4.868815e+00 1.096304e+00 -3.466208e-21) (0.000000e+00 0.000000e+00 0.000000e+00)) ((5.070390e+01 3.833412e+02 -3.876625e+02) (-4.385216e-01 1.947526e+00 6.214059e-01) (0.000000e+00 0.000000e+00 0.000000e+00))
0.0381536    	((9.691670e+02 7.479635e+00 9.554100e-18) (4.815807e+00 1.096389e+00 -4.883970e-21) (0.000000e+00 0.000000e+00 0.000000e+00)) ((-2.991854e+00 3.876668e+02 -7.238791e+01) (-4.385557e-01 1.926323e+00 6.716402e-01) (0.000000e+00 0.000000e+00 0.000000e+00))
0.038555     	((9.758498e+02 -1.522923e+01 9.531490e-18) (4.761606e+00 1.097344e+00 -4.847233e-21) (0.000000e+00 0.000000e+00 0.000000e+00)) ((6.091691e+00 3.903399e+02 -1.298095e+02) (-4.389375e-01 1.904642e+00 7.297085e-01) (0.000000e+00 0.000000e+00 0.000000e+00))
0.0389564    	((9.332442e+02 -1.008734e+02 9.278840e-18) (4.702435e+00 1.099110e+00 -7.035860e-21) (0.000000e+00 0.000000e+00 0.000000e+00)) ((4.034934e+01 3.732977e+02 -3.457285e+02) (-4.396441e-01 1.880974e+00 7.999573e-01) (0.000000e+00 0.000000e+00 0.000000e+00))
0.0393578    	((1.010211e+03 1.365946e+01 9.973495e-18) (4.640349e+00 1.101428e+00 -4.618858e-21) (0.000000e+00 0.000000e+00 0.000000e+00)) ((-5.463785e+00 4.040844e+02 -3.218430e+01) (-4.405711e-01 1.856140e+00 8.787259e-01) (0.000000e+00 0.000000e+00 0.000000e+00))
0.0397592    	((8.936363e+02 4.700196e+01 8.203820e-18) (4.575922e+00 1.104149e+00 -2.238078e-21) (0.000000e+00 0.000000e+00 0.000000e+00)) ((-1.880078e+01 3.574545e+02 -3.345381e+01) (-4.416595e-01 1.830369e+00 9.650884e-01) (0.000000e+00 0.000000e+00 0.000000e+00))
0.0401639    	((9.560498e+02 -1.635737e+01 9.144804e-18) (4.507530e+00 1.106793e+00 -5.063387e-21) (0.000000e+00 0.000000e+00 0.000000e+00)) ((6.542948e+00 3.824199e+02 -1.419287e+02) (-4.427171e-01 1.803012e+00 1.059784e+00) (0.000000e+00 0.000000e+00 0.000000e+00))
0.0405738    	((9.431454e+02 5.095345e-01 9.141520e-18) (4.433077e+00 1.109805e+00 -5.224276e-21) (0.000000e+00 0.000000e+00 0.000000e+00)) ((-2.038138e-01 3.772582e+02 -1.188544e+02) (-4.439221e-01 1.773231e+00 1.167084e+00) (0.000000e+00 0.000000e+00 0.000000e+00))
0.0409836    	((9.365361e+02 1.018940e+02 8.615124e-18) (4.358403e+00 1.112793e+00 -1.064891e-21) (0.000000e+00 0.000000e+00 0.000000e+00)) ((-4.075760e+01 3.746144e+02 1.938358e+02) (-4.451173e-01 1.743361e+00 1.276858e+00) (0.000000e+00 0.000000e+00 0.000000e+00))
0.0413934    	((8.966888e+02 7.928275e+00 8.214640e-18) (4.283862e+00 1.116362e+00 -2.100859e-21) (0.000000e+00 0.000000e+00 0.000000e+00)) ((-3.171310e+00 3.586755e+02 -9.931181e+01) (-4.465449e-01 1.713545e+00 1.388806e+00) (0.000000e+00 0.000000e+00 0.000000e+00))
0.0418033    	((9.745256e+02 -3.362294e+01 9.330803e-18) (4.211768e+00 1.120026e+00 -4.274412e-21) (0.000000e+00 0.000000e+00 0.000000e+00)) ((1.344918e+01 3.898102e+02 -1.596031e+02) (-4.480103e-01 1.684707e+00 1.498097e+00) (0.000000e+00 0.000000e+00 0.000000e+00))
0.0422131    	((9.234869e+02 8.803063e+01 8.563600e-18) (4.142296e+00 1.124375e+00 -3.571452e-21) (0.000000e+00 0.000000e+00 0.000000e+00)) ((-3.521225e+01 3.693948e+02 1.235505e+02) (-4.497498e-01 1.656918e+00 1.605329e+00) (0.000000e+00 0.000000e+00 0.000000e+00))
0.042623     	((9.404955e+02 2.925082e+01 8.633437e-18) (4.075303e+00 1.127428e+00 -1.556976e-21) (0.000000e+00 0.000000e+00 0.000000e+00)) ((-1.170033e+01 3.761982e+02 -4.390501e+00) (-4.509713e-01 1.630121e+00 1.704462e+00) (0.000000e+00 0.000000e+00 0.000000e+00))
0.0430328    	((9.387467e+02 5.949046e+01 8.629129e-18) (4.017247e+00 1.130493e+00 -1.899913e-21) (0.000000e+00 0.000000e+00 0.000000e+00)) ((-2.379618e+01 3.754987e+02 4.504621e+01) (-4.521971e-01 1.606899e+00 1.789916e+00) (0.000000e+00 0.000000e+00 0.000000e+00))
0.0434426    	((8.959929e+02 3.486384e+01 8.038336e-18) (3.966057e+00 1.133731e+00 -3.252787e-21) (0.000000e+00 0.000000e+00 0.000000e+00)) ((-1.394554e+01 3.583971e+02 -1.812018e+01) (-4.534925e-01 1.586423e+00 1.863470e+00) (0.000000e+00 0.000000e+00 0.000000e+00))
0.0438525    	((9.756942e+02 -2.095561e+01 9.585234e-18) (3.919980e+00 1.137619e+00 -5.119798e-21) (0.000000e+00 0.000000e+00 0.000000e+00)) ((8.382242e+00 3.902777e+02 -1.361768e+02) (-4.550477e-01 1.567992e+00 1.929961e+00) (0.000000e+00 0.000000e+00 0.000000e+00))
0.0442623    	((9.292169e+02 1.721310e+01 8.218983e-18) (3.877566e+00 1.141696e+00 2.598725e-22) (0.000000e+00 0.000000e+00 0.000000e+00)) ((-6.885240e+00 3.716868e+02 -5.729690e+01) (-4.566784e-01 1.551026e+00 1.990665e+00) (0.000000e+00 0.000000e+00 0.000000e+00))
0.0446721    	((9.155426e+02 6.788072e+01 8.266795e-18) (3.838788e+00 1.144884e+00 -2.687436e-21) (0.000000e+00 0.000000e+00 0.000000e+00)) ((-2.715229e+01 3.662170e+02 2.512455e+01) (-4.579534e-01 1.535515e+00 2.043180e+00) (0.000000e+00 0.000000e+00 0.000000e+00))
0.0450862    	((9.869517e+02 -1.351162e+01 9.116270e-18) (3.804323e+00 1.148092e+00 -2.381406e-21) (0.000000e+00 0.000000e+00 0.000000e+00)) ((5.404647e+00 3.947807e+02 -1.504433e+02) (-4.592367e-01 1.521729e+00 2.089045e+00) (0.000000e+00 0.000000e+00 0.000000e+00))
0.0455249    	((9.108783e+02 3.111509e+01 8.195767e-18) (3.770620e+00 1.151095e+00 -8.737955e-22) (0.000000e+00 0.000000e+00 0.000000e+00)) ((-1.244604e+01 3.643513e+02 -5.144019e+01) (-4.604381e-01 1.508248e+00 2.131472e+00) (0.000000e+00 0.000000e+00 0.000000e+00))
0.0459656    	((9.443179e+02 1.616054e+01 8.491551e-18) (3.740226e+00 1.152986e+00 -1.206788e-21) (0.000000e+00 0.000000e+00 0.000000e+00)) ((-6.464215e+00 3.777272e+02 -7.395734e+01) (-4.611944e-01 1.496090e+00 2.165709e+00) (0.000000e+00 0.000000e+00 0.000000e+00))
0.0464138    	((9.433208e+02 4.813259e+00 8.549627e-18) (3.712866e+00 1.154619e+00 -1.609617e-21) (0.000000e+00 0.000000e+00 0.000000e+00)) ((-1.925304e+00 3.773283e+02 -1.333179e+02) (-4.618476e-01 1.485146e+00 2.193748e+00) (0.000000e+00 0.000000e+00 0.000000e+00))
0.0468647    	((9.262389e+02 1.664088e+01 8.321165e-18) (3.687446e+00 1.155354e+00 -1.999394e-21) (0.000000e+00 0.000000e+00 0.000000e+00)) ((-6.656352e+00 3.704956e+02 -9.959060e+01) (-4.621416e-01 1.474978e+00 2.215089e+00) (0.000000e+00 0.000000e+00 0.000000e+00))
0.0473258    	((9.355673e+02 2.159440e+01 8.429481e-18) (3.665238e+00 1.154490e+00 -2.565029e-21) (0.000000e+00 0.000000e+00 0.000000e+00)) ((-8.637758e+00 3.742269e+02 -1.164887e+02) (-4.617959e-01 1.466095e+00 2.225813e+00) (0.000000e+00 0.000000e+00 0.000000e+00))
0.0477868    	((9.673801e+02 3.149218e+01 8.979377e-18) (3.646825e+00 1.151875e+00 -4.237545e-21) (0.000000e+00 0.000000e+00 0.000000e+00)) ((-1.259687e+01 3.869521e+02 -7.970715e+01) (-4.607500e-01 1.458730e+00 2.224547e+00) (0.000000e+00 0.000000e+00 0.000000e+00))
0.0482571    	((9.391651e+02 4.221033e+00 8.740561e-18) (3.630391e+00 1.148337e+00 -4.461396e-21) (0.000000e+00 0.000000e+00 0.000000e+00)) ((-1.688413e+00 3.756660e+02 -1.711338e+02) (-4.593348e-01 1.452156e+00 2.216249e+00) (0.000000e+00 0.000000e+00 0.000000e+00))
0.0487413    	((9.430558e+02 2.842658e+01 8.683868e-18) (3.614777e+00 1.143761e+00 -4.671070e-21) (0.000000e+00 0.000000e+00 0.000000e+00)) ((-1.137063e+01 3.772223e+02 -1.205583e+02) (-4.575046e-01 1.445911e+00 2.202108e+00) (0.000000e+00 0.000000e+00 0.000000e+00))
0.0492254    	((9.856661e+02 8.860906e+01 9.345724e-18) (3.602221e+00 1.137730e+00 -6.390338e-21) (0.000000e+00 0.000000e+00 0.000000e+00)) ((-3.544362e+01 3.942665e+02 2.571304e+01) (-4.550921e-01 1.440889e+00 2.178605e+00) (0.000000e+00 0.000000e+00 0.000000e+00))
0.0497095    	((9.624786e+02 1.466920e+00 9.097212e-18) (3.590866e+00 1.130747e+00 -5.980041e-21) (0.000000e+00 0.000000e+00 0.000000e+00)) ((-5.867679e-01 3.849914e+02 -2.088752e+02) (-4.522988e-01 1.436346e+00 2.150043e+00) (0.000000e+00 0.000000e+00 0.000000e+00))
0.0502       	((9.691090e+02 1.023546e+02 9.276169e-18) (3.579785e+00 1.122631e+00 -7.887827e-21) (0.000000e+00 0.000000e+00 0.000000e+00)) ((-4.094184e+01 3.876436e+02 4.318203e+01) (-4.490525e-01 1.431914e+00 2.117469e+00) (0.000000e+00 0.000000e+00 0.000000e+00))
0.0507       	((1.022494e+03 1.146787e+02 1.012934e-17) (3.569805e+00 1.113927e+00 -1.006766e-20) (0.000000e+00 0.000000e+00 0.000000e+00)) ((-4.587147e+01 4.089977e+02 5.436125e+01) (-4.455707e-01 1.427922e+00 2.081153e+00) (0.000000e+00 0.000000e+00 0.000000e+00))
0.0512       	((9.983291e+02 5.639150e+01 9.736826e-18) (3.559630e+00 1.104407e+00 -9.532713e-21) (0.000000e+00 0.000000e+00 0.000000e+00)) ((-2.255660e+01 3.993316e+02 -1.106945e+02) (-4.417628e-01 1.423852e+00 2.043753e+00) (0.000000e+00 0.000000e+00 0.000000e+00))
0.0517       	((1.002819e+03 1.129532e+02 9.893009e-18) (3.549034e+00 1.094557e+00 -1.066136e-20) (0.000000e+00 0.000000e+00 0.000000e+00)) ((-4.518130e+01 4.011274e+02 -4.762970e+00) (-4.378227e-01 1.419614e+00 2.006653e+00) (0.000000e+00 0.000000e+00 0.000000e+00))
0.0522       	((1.013481e+03 1.625368e+02 1.013942e-17) (3.537351e+00 1.083984e+00 -1.178137e-20) (0.000000e+00 0.000000e+00 0.000000e+00)) ((-6.501471e+01 4.053923e+02 1.380814e+02) (-4.335936e-01 1.414941e+00 1.969337e+00) (0.000000e+00 0.000000e+00 0.000000e+00))
0.0527       	((1.030380e+03 1.228601e+02 1.043582e-17) (3.524754e+00 1.073319e+00 -1.237436e-20) (0.000000e+00 0.000000e+00 0.000000e+00)) ((-4.914405e+01 4.121519e+02 1.517155e+01) (-4.293276e-01 1.409902e+00 1.934114e+00) (0.000000e+00 0.000000e+00 0.000000e+00))
0.0532       	((1.035684e+03 1.216794e+02 1.058102e-17) (3.510539e+00 1.062399e+00 -1.274134e-20) (0.000000e+00 0.000000e+00 0.000000e+00)) ((-4.867178e+01 4.142735e+02 1.284661e+01) (-4.249597e-01 1.404216e+00 1.901685e+00) (0.000000e+00 0.000000e+00 0.000000e+00))
0.0537       	((1.042366e+03 1.742463e+02 1.071783e-17) (3.494052e+00 1.051908e+00 -1.335278e-20) (0.000000e+00 0.000000e+00 0.000000e+00)) ((-6.969853e+01 4.169465e+02 1.230840e+02) (-4.207633e-01 1.397621e+00 1.874723e+00) (0.000000e+00 0.000000e+00 0.000000e+00))
0.0542       	((1.043064e+03 1.844165e+02 1.080971e-17) (3.474423e+00 1.041782e+00 -1.344508e-20) (0.000000e+00 0.000000e+00 0.000000e+00)) ((-7.376658e+01 4.172256e+02 1.445784e+02) (-4.167127e-01 1.389769e+00 1.854781e+00) (0.000000e+00 0.000000e+00 0.000000e+00))
0.0547       	((1.046804e+03 1.754111e+02 1.092785e-17) (3.451735e+00 1.032285e+00 -1.354474e-20) (0.000000e+00 0.000000e+00 0.000000e+00)) ((-7.016443e+01 4.187217e+02 1.135622e+02) (-4.129140e-01 1.380694e+00 1.843037e+00) (0.000000e+00 0.000000e+00 0.000000e+00))
0.0552041    	((1.052231e+03 1.744639e+02 1.109925e-17) (3.425260e+00 1.023569e+00 -1.418376e-20) (0.000000e+00 0.000000e+00 0.000000e+00)) ((-6.978555e+01 4.208926e+02 1.149311e+02) (-4.094277e-01 1.370104e+00 1.840759e+00) (0.000000e+00 0.000000e+00 0.000000e+00))
0.0557143    	((1.081277e+03 2.268460e+02 1.146240e-17) (3.394962e+00 1.015810e+00 -1.477726e-20) (0.000000e+00 0.000000e+00 0.000000e+00)) ((-9.073840e+01 4.325108e+02 2.362660e+02) (-4.063241e-01 1.357985e+00 1.848678e+00) (0.000000e+00 0.000000e+00 0.000000e+00))
0.0562245    	((1.040625e+03 1.567414e+02 1.097624e-17) (3.360572e+00 1.009408e+00 -1.346412e-20) (0.000000e+00 0.000000e+00 0.000000e+00)) ((-6.269657e+01 4.162502e+02 4.967624e+01) (-4.037633e-01 1.344229e+00 1.867548e+00) (0.000000e+00 0.000000e+00 0.000000e+00))
0.0567347    	((1.058688e+03 2.471305e+02 1.129785e-17) (3.323429e+00 1.003687e+00 -1.458780e-20) (0.000000e+00 0.000000e+00 0.000000e+00)) ((-9.885218e+01 4.234750e+02 2.784181e+02) (-4.014749e-01 1.329372e+00 1.894403e+00) (0.000000e+00 0.000000e+00 0.000000e+00))
0.0572449    	((1.067089e+03 1.137258e+02 1.165519e-17) (3.284574e+00 9.988744e-01 -1.533678e-20) (0.000000e+00 0.000000e+00 0.000000e+00)) ((-4.549031e+01 4.268357e+02 -4.876546e+01) (-3.995498e-01 1.313830e+00 1.928850e+00) (0.000000e+00 0.000000e+00 0.000000e+00))
0.0577551    	((1.042816e+03 2.201932e+02 1.122985e-17) (3.241815e+00 9.944318e-01 -1.349199e-20) (0.000000e+00 0.000000e+00 0.000000e+00)) ((-8.807728e+01 4.171264e+02 2.202062e+02) (-3.977727e-01 1.296726e+00 1.971796e+00) (0.000000e+00 0.000000e+00 0.000000e+00))
0.0582653    	((1.096078e+03 2.217011e+02 1.210411e-17) (3.198305e+00 9.902762e-01 -1.484609e-20) (0.000000e+00 0.000000e+00 0.000000e+00)) ((-8.868044e+01 4.384311e+02 2.348336e+02) (-3.961105e-01 1.279322e+00 2.018094e+00) (0.000000e+00 0.000000e+00 0.000000e+00))
0.0587755    	((1.046136e+03 1.649755e+02 1.136902e-17) (3.152439e+00 9.871574e-01 -1.258680e-20) (0.000000e+00 0.000000e+00 0.000000e+00)) ((-6.599018e+01 4.184543e+02 7.843308e+01) (-3.948630e-01 1.260976e+00 2.071580e+00) (0.000000e+00 0.000000e+00 0.000000e+00))
0.0592857    	((1.071585e+03 2.628054e+02 1.183578e-17) (3.104817e+00 9.835155e-01 -1.417797e-20) (0.000000e+00 0.000000e+00 0.000000e+00)) ((-1.051221e+02 4.286339e+02 3.379478e+02) (-3.934062e-01 1.241927e+00 2.127314e+00) (0.000000e+00 0.000000e+00 0.000000e+00))
0.0597959    	((1.060104e+03 1.701954e+02 1.167536e-17) (3.057048e+00 9.807771e-01 -1.292898e-20) (0.000000e+00 0.000000e+00 0.000000e+00)) ((-6.807814e+01 4.240417e+02 1.079713e+02) (-3.923109e-01 1.222819e+00 2.186404e+00) (0.000000e+00 0.000000e+00 0.000000e+00))
0.0603125    	((1.053413e+03 1.366760e+02 1.163606e-17) (3.007816e+00 9.781603e-01 -1.304129e-20) (0.000000e+00 0.000000e+00 0.000000e+00)) ((-5.467041e+01 4.213653e+02 2.908909e+01) (-3.912641e-01 1.203126e+00 2.248373e+00) (0.000000e+00 0.000000e+00 0.000000e+00))
0.0608333    	((1.028948e+03 2.413380e+02 1.122662e-17) (2.957961e+00 9.760259e-01 -1.289996e-20) (0.000000e+00 0.000000e+00 0.000000e+00)) ((-9.653521e+01 4.115793e+02 2.847494e+02) (-3.904104e-01 1.183184e+00 2.312847e+00) (0.000000e+00 0.000000e+00 0.000000e+00))
0.0613542    	((1.053404e+03 1.958906e+02 1.160256e-17) (2.908635e+00 9.740080e-01 -1.294060e-20) (0.000000e+00 0.000000e+00 0.000000e+00)) ((-7.835624e+01 4.213616e+02 2.020964e+02) (-3.896032e-01 1.163454e+00 2.376881e+00) (0.000000e+00 0.000000e+00 0.000000e+00))
0.061875     	((1.009170e+03 1.066865e+02 1.089000e-17) (2.860205e+00 9.721605e-01 -1.092860e-20) (0.000000e+00 0.000000e+00 0.000000e+00)) ((-4.267459e+01 4.036681e+02 -1.701403e+01) (-3.888642e-01 1.144082e+00 2.440285e+00) (0.000000e+00 0.000000e+00 0.000000e+00))
0.0623958    	((1.017368e+03 1.772668e+02 1.105073e-17) (2.813123e+00 9.704565e-01 -1.209629e-20) (0.000000e+00 0.000000e+00 0.000000e+00)) ((-7.090671e+01 4.069474e+02 1.351843e+02) (-3.881826e-01 1.125249e+00 2.502137e+00) (0.000000e+00 0.000000e+00 0.000000e+00))
0.0629167    	((1.016618e+03 1.746090e+02 1.112404e-17) (2.768204e+00 9.688367e-01 -1.318610e-20) (0.000000e+00 0.000000e+00 0.000000e+00)) ((-6.984359e+01 4.066474e+02 1.178147e+02) (-3.875347e-01 1.107282e+00 2.560399e+00) (0.000000e+00 0.000000e+00 0.000000e+00))
0.0634375    	((1.021044e+03 1.503897e+02 1.099769e-17) (2.724389e+00 9.671049e-01 -1.081331e-20) (0.000000e+00 0.000000e+00 0.000000e+00)) ((-6.015589e+01 4.084176e+02 1.019560e+02) (-3.868420e-01 1.089756e+00 2.616796e+00) (0.000000e+00 0.000000e+00 0.000000e+00))
0.0639583    	((1.019019e+03 1.734473e+02 1.126388e-17) (2.681882e+00 9.651518e-01 -1.359921e-20) (0.000000e+00 0.000000e+00 0.000000e+00)) ((-6.937893e+01 4.076075e+02 1.566443e+02) (-3.860607e-01 1.072753e+00 2.670394e+00) (0.000000e+00 0.000000e+00 0.000000e+00))
0.0644792    	((1.029263e+03 1.752718e+02 1.104881e-17) (2.642063e+00 9.630927e-01 -1.122735e-20) (0.000000e+00 0.000000e+00 0.000000e+00)) ((-7.010870e+01 4.117050e+02 1.661869e+02) (-3.852371e-01 1.056825e+00 2.719292e+00) (0.000000e+00 0.000000e+00 0.000000e+00))
0.065        	((9.988738e+02 1.480005e+02 1.061872e-17) (2.604105e+00 9.613155e-01 -9.931199e-21) (0.000000e+00 0.000000e+00 0.000000e+00)) ((-5.920018e+01 3.995495e+02 1.099336e+02) (-3.845262e-01 1.041642e+00 2.765470e+00) (0.000000e+00 0.000000e+00 0.000000e+00))
0.0655319    	((9.605431e+02 1.949182e+02 1.016118e-17) (2.565918e+00 9.591788e-01 -9.980274e-21) (0.000000e+00 0.000000e+00 0.000000e+00)) ((-7.796728e+01 3.842172e+02 2.073566e+02) (-3.836715e-01 1.026367e+00 2.809908e+00) (0.000000e+00 0.000000e+00 0.000000e+00))
0.0660638    	((1.013074e+03 1.564447e+02 1.083776e-17) (2.531559e+00 9.567474e-01 -1.083159e-20) (0.000000e+00 0.000000e+00 0.000000e+00)) ((-6.257788e+01 4.052296e+02 1.311857e+02) (-3.826990e-01 1.012623e+00 2.848511e+00) (0.000000e+00 0.000000e+00 0.000000e+00))
0.0665957    	((9.719569e+02 1.655354e+02 1.027716e-17) (2.498045e+00 9.546645e-01 -9.648756e-21) (0.000000e+00 0.000000e+00 0.000000e+00)) ((-6.621414e+01 3.887828e+02 1.496467e+02) (-3.818658e-01 9.992178e-01 2.886372e+00) (0.000000e+00 0.000000e+00 0.000000e+00))
0.0671277    	((9.684619e+02 1.652671e+02 1.025870e-17) (2.466235e+00 9.522435e-01 -9.141704e-21) (0.000000e+00 0.000000e+00 0.000000e+00)) ((-6.610683e+01 3.873848e+02 1.660898e+02) (-3.808974e-01 9.864940e-01 2.919611e+00) (0.000000e+00 0.000000e+00 0.000000e+00))
0.0676596    	((9.970298e+02 2.136985e+02 1.047989e-17) (2.436898e+00 9.508121e-01 -8.797537e-21) (0.000000e+00 0.000000e+00 0.000000e+00)) ((-8.547941e+01 3.988119e+02 3.016137e+02) (-3.803248e-01 9.747591e-01 2.951477e+00) (0.000000e+00 0.000000e+00 0.000000e+00))
0.0681915    	((9.277753e+02 1.532964e+02 9.428404e-18) (2.408320e+00 9.470420e-01 -5.732970e-21) (0.000000e+00 0.000000e+00 0.000000e+00)) ((-6.131857e+01 3.711101e+02 1.204092e+02) (-3.788168e-01 9.633280e-01 2.977521e+00) (0.000000e+00 0.000000e+00 0.000000e+00))
0.0687234    	((9.902352e+02 2.325367e+02 1.054752e-17) (2.383155e+00 9.508799e-01 -9.591123e-21) (0.000000e+00 0.000000e+00 0.000000e+00)) ((-9.301468e+01 3.960941e+02 3.972462e+02) (-3.803520e-01 9.532622e-01 3.014260e+00) (0.000000e+00 0.000000e+00 0.000000e+00))
0.0692553    	((9.274125e+02 1.556845e+02 9.377141e-18) (2.357422e+00 9.426548e-01 -5.745646e-21) (0.000000e+00 0.000000e+00 0.000000e+00)) ((-6.227381e+01 3.709650e+02 1.397785e+02) (-3.770619e-01 9.429688e-01 3.025795e+00) (0.000000e+00 0.000000e+00 0.000000e+00))
0.0697872    	((9.209752e+02 2.233377e+02 9.470133e-18) (2.334740e+00 9.457492e-01 -7.224139e-21) (0.000000e+00 0.000000e+00 0.000000e+00)) ((-8.933509e+01 3.683901e+02 3.388706e+02) (-3.782997e-01 9.338962e-01 3.056414e+00) (0.000000e+00 0.000000e+00 0.000000e+00))
0.0703191    	((9.484089e+02 2.116247e+01 9.697329e-18) (2.315070e+00 9.417325e-01 -8.633711e-21) (0.000000e+00 0.000000e+00 0.000000e+00)) ((-8.464988e+00 3.793636e+02 -1.075910e+02) (-3.766930e-01 9.260279e-01 3.066257e+00) (0.000000e+00 0.000000e+00 0.000000e+00))
0.0708511    	((8.982124e+02 5.112583e+02 8.677240e-18) (2.289790e+00 9.383579e-01 -1.018842e-21) (0.000000e+00 0.000000e+00 0.000000e+00)) ((-2.045033e+02 3.592850e+02 1.036241e+03) (-3.753431e-01 9.159162e-01 3.087486e+00) (0.000000e+00 0.000000e+00 0.000000e+00))
0.071383     	((9.215403e+02 -7.964473e+00 9.392064e-18) (2.267937e+00 9.374770e-01 -9.144293e-21) (0.000000e+00 0.000000e+00 0.000000e+00)) ((3.185789e+00 3.686161e+02 -1.917783e+02) (-3.749908e-01 9.071749e-01 3.107908e+00) (0.000000e+00 0.000000e+00 0.000000e+00))
0.0719149    	((9.000833e+02 6.671097e+02 8.676748e-18) (2.245337e+00 9.334091e-01 2.906322e-21) (0.000000e+00 0.000000e+00 0.000000e+00)) ((-2.668439e+02 3.600333e+02 1.429742e+03) (-3.733636e-01 8.981346e-01 3.122492e+00) (0.000000e+00 0.000000e+00 0.000000e+00))
0.0724468    	((9.028272e+02 -1.854110e+02 9.136088e-18) (2.227003e+00 9.320377e-01 -1.260574e-20) (0.000000e+00 0.000000e+00 0.000000e+00)) ((7.416442e+01 3.611309e+02 -5.866225e+02) (-3.728151e-01 8.908010e-01 3.136120e+00) (0.000000e+00 0.000000e+00 0.000000e+00))
0.0729787    	((8.806419e+02 5.616749e+02 8.311260e-18) (2.207404e+00 9.267239e-01 4.271686e-22) (0.000000e+00 0.000000e+00 0.000000e+00)) ((-2.246699e+02 3.522567e+02 1.232072e+03) (-3.706896e-01 8.829616e-01 3.143078e+00) (0.000000e+00 0.000000e+00 0.000000e+00))
0.0735106    	((8.925048e+02 -2.423974e+02 8.987808e-18) (2.189865e+00 9.238281e-01 -1.300388e-20) (0.000000e+00 0.000000e+00 0.000000e+00)) ((9.695895e+01 3.570019e+02 -7.093365e+02) (-3.695312e-01 8.759460e-01 3.151720e+00) (0.000000e+00 0.000000e+00 0.000000e+00))
0.0740426    	((8.662005e+02 6.714141e+02 8.186039e-18) (2.171608e+00 9.170555e-01 3.122263e-21) (0.000000e+00 0.000000e+00 0.000000e+00)) ((-2.685657e+02 3.464802e+02 1.520245e+03) (-3.668222e-01 8.686430e-01 3.152167e+00) (0.000000e+00 0.000000e+00 0.000000e+00))
0.0745745    	((8.743931e+02 -1.537365e+02 8.551580e-18) (2.157780e+00 9.131404e-01 -1.128330e-20) (0.000000e+00 0.000000e+00 0.000000e+00)) ((6.149459e+01 3.497572e+02 -4.661831e+02) (-3.652562e-01 8.631121e-01 3.151588e+00) (0.000000e+00 0.000000e+00 0.000000e+00))
0.0751087    	((8.640409e+02 5.908174e+02 8.094391e-18) (2.141089e+00 9.049655e-01 7.275298e-22) (0.000000e+00 0.000000e+00 0.000000e+00)) ((-2.363270e+02 3.456164e+02 1.351582e+03) (-3.619862e-01 8.564357e-01 3.145752e+00) (0.000000e+00 0.000000e+00 0.000000e+00))
0.0756522    	((8.757176e+02 7.584623e+01 8.613382e-18) (2.125036e+00 8.994860e-01 -8.120569e-21) (0.000000e+00 0.000000e+00 0.000000e+00)) ((-3.033849e+01 3.502870e+02 7.947257e+01) (-3.597944e-01 8.500145e-01 3.143773e+00) (0.000000e+00 0.000000e+00 0.000000e+00))
0.0761957    	((8.618966e+02 5.575177e+02 8.046430e-18) (2.110526e+00 8.885626e-01 1.534704e-21) (0.000000e+00 0.000000e+00 0.000000e+00)) ((-2.230071e+02 3.447586e+02 1.280765e+03) (-3.554250e-01 8.442104e-01 3.126586e+00) (0.000000e+00 0.000000e+00 0.000000e+00))
0.0767391    	((8.758572e+02 -1.289157e+02 8.652643e-18) (2.094987e+00 8.812814e-01 -1.222652e-20) (0.000000e+00 0.000000e+00 0.000000e+00)) ((5.156628e+01 3.503429e+02 -3.973031e+02) (-3.525126e-01 8.379948e-01 3.119770e+00) (0.000000e+00 0.000000e+00 0.000000e+00))
0.0772826    	((8.617806e+02 8.084896e+02 8.141490e-18) (2.080668e+00 8.698804e-01 3.935022e-21) (0.000000e+00 0.000000e+00 0.000000e+00)) ((-3.233958e+02 3.447122e+02 1.894946e+03) (-3.479522e-01 8.322671e-01 3.100395e+00) (0.000000e+00 0.000000e+00 0.000000e+00))
0.0778261    	((8.716099e+02 -9.261689e+01 8.505059e-18) (2.065286e+00 8.607498e-01 -1.160547e-20) (0.000000e+00 0.000000e+00 0.000000e+00)) ((3.704676e+01 3.486440e+02 -2.999060e+02) (-3.442999e-01 8.261143e-01 3.088062e+00) (0.000000e+00 0.000000e+00 0.000000e+00))
0.0783696    	((8.614482e+02 8.325645e+02 8.123873e-18) (2.051393e+00 8.480291e-01 4.119311e-21) (0.000000e+00 0.000000e+00 0.000000e+00)) ((-3.330258e+02 3.445793e+02 1.962188e+03) (-3.392116e-01 8.205571e-01 3.063346e+00) (0.000000e+00 0.000000e+00 0.000000e+00))
0.078913     	((8.758887e+02 1.679127e+02 8.563480e-18) (2.035956e+00 8.376620e-01 -8.323720e-21) (0.000000e+00 0.000000e+00 0.000000e+00)) ((-6.716508e+01 3.503555e+02 3.273284e+02) (-3.350648e-01 8.143823e-01 3.047643e+00) (0.000000e+00 0.000000e+00 0.000000e+00))
0.0794565    	((8.661452e+02 6.383410e+02 8.139569e-18) (2.022229e+00 8.221685e-01 1.468825e-21) (0.000000e+00 0.000000e+00 0.000000e+00)) ((-2.553364e+02 3.464581e+02 1.498596e+03) (-3.288674e-01 8.088915e-01 3.016026e+00) (0.000000e+00 0.000000e+00 0.000000e+00))
0.08         	((8.804013e+02 2.110891e+02 8.694855e-18) (2.006742e+00 8.107149e-01 -8.074106e-21) (0.000000e+00 0.000000e+00 0.000000e+00)) ((-8.443563e+01 3.521605e+02 4.299924e+02) (-3.242860e-01 8.026968e-01 2.996713e+00) (0.000000e+00 0.000000e+00 0.000000e+00))
0.0805556    	((8.680861e+02 7.308745e+02 8.190368e-18) (1.991559e+00 7.942640e-01 1.893105e-21) (0.000000e+00 0.000000e+00 0.000000e+00)) ((-2.923498e+02 3.472344e+02 1.723166e+03) (-3.177056e-01 7.966234e-01 2.964006e+00) (0.000000e+00 0.000000e+00 0.000000e+00))
0.0811111    	((8.800675e+02 2.077586e+02 8.662648e-18) (1.976185e+00 7.799066e-01 -7.087188e-21) (0.000000e+00 0.000000e+00 0.000000e+00)) ((-8.310345e+01 3.520270e+02 4.222132e+02) (-3.119626e-01 7.904742e-01 2.936306e+00) (0.000000e+00 0.000000e+00 0.000000e+00))
0.0816667    	((8.766415e+02 7.419896e+02 8.367840e-18) (1.961063e+00 7.631777e-01 1.837265e-21) (0.000000e+00 0.000000e+00 0.000000e+00)) ((-2.967959e+02 3.506566e+02 1.740413e+03) (-3.052711e-01 7.844251e-01 2.901614e+00) (0.000000e+00 0.000000e+00 0.000000e+00))
0.0822222    	((8.806993e+02 9.587579e+01 8.708603e-18) (1.946242e+00 7.483409e-01 -9.670923e-21) (0.000000e+00 0.000000e+00 0.000000e+00)) ((-3.835032e+01 3.522797e+02 1.470035e+02) (-2.993364e-01 7.784969e-01 2.870246e+00) (0.000000e+00 0.000000e+00 0.000000e+00))
0.0827778    	((8.764758e+02 9.258806e+02 8.450290e-18) (1.930270e+00 7.304513e-01 5.211279e-21) (0.000000e+00 0.000000e+00 0.000000e+00)) ((-3.703522e+02 3.505903e+02 2.184378e+03) (-2.921805e-01 7.721078e-01 2.833212e+00) (0.000000e+00 0.000000e+00 0.000000e+00))
0.0833333    	((8.875800e+02 1.507212e+02 8.839583e-18) (1.915767e+00 7.150045e-01 -8.452777e-21) (0.000000e+00 0.000000e+00 0.000000e+00)) ((-6.028848e+01 3.550320e+02 2.595823e+02) (-2.860018e-01 7.663068e-01 2.799422e+00) (0.000000e+00 0.000000e+00 0.000000e+00))
0.0838889    	((8.819166e+02 9.205184e+02 8.565621e-18) (1.900407e+00 6.968583e-01 5.606681e-21) (0.000000e+00 0.000000e+00 0.000000e+00)) ((-3.682074e+02 3.527667e+02 2.152663e+03) (-2.787433e-01 7.601626e-01 2.759929e+00) (0.000000e+00 0.000000e+00 0.000000e+00))
0.0844444    	((8.961763e+02 2.157306e+02 9.076080e-18) (1.885131e+00 6.811342e-01 -8.137249e-21) (0.000000e+00 0.000000e+00 0.000000e+00)) ((-8.629224e+01 3.584705e+02 4.056842e+02) (-2.724537e-01 7.540522e-01 2.725828e+00) (0.000000e+00 0.000000e+00 0.000000e+00))
0.085        	((8.923978e+02 1.039620e+03 8.755011e-18) (1.870461e+00 6.625704e-01 7.338972e-21) (0.000000e+00 0.000000e+00 0.000000e+00)) ((-4.158481e+02 3.569591e+02 2.427197e+03) (-2.650282e-01 7.481844e-01 2.683756e+00) (0.000000e+00 0.000000e+00 0.000000e+00))
0.0855556    	((9.059910e+02 3.627267e+02 9.196548e-18) (1.853960e+00 6.473107e-01 -5.827228e-21) (0.000000e+00 0.000000e+00 0.000000e+00)) ((-1.450907e+02 3.623964e+02 7.393819e+02) (-2.589243e-01 7.415839e-01 2.652544e+00) (0.000000e+00 0.000000e+00 0.000000e+00))
0.0861111    	((8.950774e+02 8.246309e+02 8.760085e-18) (1.838801e+00 6.280084e-01 5.042328e-21) (0.000000e+00 0.000000e+00 0.000000e+00)) ((-3.298524e+02 3.580310e+02 1.887723e+03) (-2.512034e-01 7.355206e-01 2.608803e+00) (0.000000e+00 0.000000e+00 0.000000e+00))
0.0866667    	((9.073396e+02 3.626687e+02 9.239837e-18) (1.822593e+00 6.123625e-01 -4.644260e-21) (0.000000e+00 0.000000e+00 0.000000e+00)) ((-1.450675e+02 3.629358e+02 7.251542e+02) (-2.449450e-01 7.290372e-01 2.575875e+00) (0.000000e+00 0.000000e+00 0.000000e+00))
0.0872222    	((9.007975e+02 8.965055e+02 8.909571e-18) (1.806382e+00 5.944409e-01 5.252032e-21) (0.000000e+00 0.000000e+00 0.000000e+00)) ((-3.586022e+02 3.603190e+02 2.039794e+03) (-2.377764e-01 7.225529e-01 2.537138e+00) (0.000000e+00 0.000000e+00 0.000000e+00))
0.0877778    	((9.027704e+02 2.517547e+02 9.172567e-18) (1.789975e+00 5.787977e-01 -6.035204e-21) (0.000000e+00 0.000000e+00 0.000000e+00)) ((-1.007019e+02 3.611082e+02 4.326473e+02) (-2.315191e-01 7.159902e-01 2.504145e+00) (0.000000e+00 0.000000e+00 0.000000e+00))
0.0883333    	((8.954173e+02 1.069195e+03 8.873190e-18) (1.773282e+00 5.609051e-01 9.309020e-21) (0.000000e+00 0.000000e+00 0.000000e+00)) ((-4.276780e+02 3.581669e+02 2.450777e+03) (-2.243620e-01 7.093128e-01 2.466196e+00) (0.000000e+00 0.000000e+00 0.000000e+00))
0.0888889    	((9.048979e+02 3.085304e+02 9.294481e-18) (1.756325e+00 5.458332e-01 -4.806496e-21) (0.000000e+00 0.000000e+00 0.000000e+00)) ((-1.234122e+02 3.619592e+02 5.567153e+02) (-2.183333e-01 7.025299e-01 2.435779e+00) (0.000000e+00 0.000000e+00 0.000000e+00))
0.0894444    	((8.932119e+02 1.048691e+03 8.875121e-18) (1.739598e+00 5.289118e-01 1.010825e-20) (0.000000e+00 0.000000e+00 0.000000e+00)) ((-4.194763e+02 3.572848e+02 2.379581e+03) (-2.115647e-01 6.958393e-01 2.400332e+00) (0.000000e+00 0.000000e+00 0.000000e+00))
0.09         	((9.073664e+02 2.267418e+02 9.358767e-18) (1.722046e+00 5.149503e-01 -5.809913e-21) (0.000000e+00 0.000000e+00 0.000000e+00)) ((-9.069671e+01 3.629466e+02 3.342374e+02) (-2.059801e-01 6.888186e-01 2.373629e+00) (0.000000e+00 0.000000e+00 0.000000e+00))
0.0905682    	((8.916060e+02 9.362609e+02 8.911504e-18) (1.704674e+00 4.977858e-01 9.264048e-21) (0.000000e+00 0.000000e+00 0.000000e+00)) ((-3.745044e+02 3.566424e+02 2.099050e+03) (-1.991143e-01 6.818697e-01 2.338273e+00) (0.000000e+00 0.000000e+00 0.000000e+00))
0.0911364    	((9.009346e+02 4.934506e+02 9.283066e-18) (1.686312e+00 4.851808e-01 -8.134572e-22) (0.000000e+00 0.000000e+00 0.000000e+00)) ((-1.973803e+02 3.603738e+02 9.788950e+02) (-1.940723e-01 6.745249e-01 2.316106e+00) (0.000000e+00 0.000000e+00 0.000000e+00))
0.0917045    	((8.901397e+02 9.354039e+02 8.864703e-18) (1.668088e+00 4.690426e-01 9.973420e-21) (0.000000e+00 0.000000e+00 0.000000e+00)) ((-3.741615e+02 3.560559e+02 2.077151e+03) (-1.876170e-01 6.672351e-01 2.284993e+00) (0.000000e+00 0.000000e+00 0.000000e+00))
0.0922727    	((8.934389e+02 4.783623e+02 9.146354e-18) (1.649628e+00 4.566575e-01 6.633613e-22) (0.000000e+00 0.000000e+00 0.000000e+00)) ((-1.913449e+02 3.573755e+02 9.307303e+02) (-1.826630e-01 6.598512e-01 2.263920e+00) (0.000000e+00 0.000000e+00 0.000000e+00))
0.0928409    	((8.848695e+02 9.933490e+02 8.813118e-18) (1.630567e+00 4.426604e-01 1.076075e-20) (0.000000e+00 0.000000e+00 0.000000e+00)) ((-3.973396e+02 3.539478e+02 2.202307e+03) (-1.770642e-01 6.522266e-01 2.239866e+00) (0.000000e+00 0.000000e+00 0.000000e+00))
0.0934091    	((8.813688e+02 3.448129e+02 8.934758e-18) (1.611528e+00 4.310090e-01 -7.624282e-22) (0.000000e+00 0.000000e+00 0.000000e+00)) ((-1.379252e+02 3.525475e+02 5.809116e+02) (-1.724036e-01 6.446112e-01 2.221467e+00) (0.000000e+00 0.000000e+00 0.000000e+00))
0.0939773    	((8.721690e+02 1.165203e+03 8.643439e-18) (1.592248e+00 4.176628e-01 1.512762e-20) (0.000000e+00 0.000000e+00 0.000000e+00)) ((-4.660810e+02 3.488676e+02 2.622485e+03) (-1.670651e-01 6.368994e-01 2.199747e+00) (0.000000e+00 0.000000e+00 0.000000e+00))
0.0945455    	((8.749315e+02 3.786897e+02 8.924100e-18) (1.572820e+00 4.071674e-01 -2.957482e-22) (0.000000e+00 0.000000e+00 0.000000e+00)) ((-1.514759e+02 3.499726e+02 6.588840e+02) (-1.628669e-01 6.291281e-01 2.185425e+00) (0.000000e+00 0.000000e+00 0.000000e+00))
0.0951136    	((8.617715e+02 1.131584e+03 8.530086e-18) (1.553427e+00 3.947351e-01 1.568031e-20) (0.000000e+00 0.000000e+00 0.000000e+00)) ((-4.526336e+02 3.447086e+02 2.527878e+03) (-1.578940e-01 6.213707e-01 2.166651e+00) (0.000000e+00 0.000000e+00 0.000000e+00))
0.0956818    	((8.690765e+02 2.615332e+02 8.845888e-18) (1.533889e+00 3.853924e-01 -2.206480e-21) (0.000000e+00 0.000000e+00 0.000000e+00)) ((-1.046133e+02 3.476306e+02 3.563160e+02) (-1.541569e-01 6.135556e-01 2.155906e+00) (0.000000e+00 0.000000e+00 0.000000e+00))
0.09625      	((8.546919e+02 1.230378e+03 8.440526e-18) (1.514909e+00 3.735159e-01 1.794254e-20) (0.000000e+00 0.000000e+00 0.000000e+00)) ((-4.921512e+02 3.418767e+02 2.780116e+03) (-1.494064e-01 6.059635e-01 2.137995e+00) (0.000000e+00 0.000000e+00 0.000000e+00))
0.0968182    	((8.580308e+02 5.261074e+02 8.666932e-18) (1.495616e+00 3.653332e-01 2.978284e-21) (0.000000e+00 0.000000e+00 0.000000e+00)) ((-2.104430e+02 3.432123e+02 1.014172e+03) (-1.461333e-01 5.982463e-01 2.129829e+00) (0.000000e+00 0.000000e+00 0.000000e+00))
0.0973864    	((8.445492e+02 9.869799e+02 8.260642e-18) (1.476845e+00 3.534604e-01 1.485939e-20) (0.000000e+00 0.000000e+00 0.000000e+00)) ((-3.947920e+02 3.378197e+02 2.174335e+03) (-1.413842e-01 5.907380e-01 2.111886e+00) (0.000000e+00 0.000000e+00 0.000000e+00))
0.0979545    	((8.430349e+02 5.461539e+02 8.426631e-18) (1.457793e+00 3.460711e-01 4.138599e-21) (0.000000e+00 0.000000e+00 0.000000e+00)) ((-2.184615e+02 3.372139e+02 1.070690e+03) (-1.384284e-01 5.831171e-01 2.105795e+00) (0.000000e+00 0.000000e+00 0.000000e+00))
0.0985227    	((8.260363e+02 1.122375e+03 8.032056e-18) (1.438748e+00 3.355001e-01 1.826089e-20) (0.000000e+00 0.000000e+00 0.000000e+00)) ((-4.489500e+02 3.304145e+02 2.517851e+03) (-1.342000e-01 5.754993e-01 2.092140e+00) (0.000000e+00 0.000000e+00 0.000000e+00))
0.0990909    	((8.260634e+02 5.228710e+02 8.120809e-18) (1.420640e+00 3.286163e-01 4.648226e-21) (0.000000e+00 0.000000e+00 0.000000e+00)) ((-2.091484e+02 3.304254e+02 1.016826e+03) (-1.314465e-01 5.682562e-01 2.086946e+00) (0.000000e+00 0.000000e+00 0.000000e+00))
0.0996591    	((8.159172e+02 9.967300e+02 7.810554e-18) (1.404084e+00 3.181635e-01 1.697179e-20) (0.000000e+00 0.000000e+00 0.000000e+00)) ((-3.986920e+02 3.263669e+02 2.219222e+03) (-1.272654e-01 5.616337e-01 2.070366e+00) (0.000000e+00 0.000000e+00 0.000000e+00))
0.1          	((8.110390e+02 5.113883e+02 7.878384e-18) (1.393518e+00 3.149942e-01 5.975225e-21) (0.000000e+00 0.000000e+00 0.000000e+00)) ((-2.045553e+02 3.244156e+02 1.003670e+03) (-1.259977e-01 5.574071e-01 2.069753e+00) (0.000000e+00 0.000000e+00 0.000000e+00))
