# Forces     
# CofR       : (0.000000e+00 0.000000e+00 0.000000e+00)
# Time       forces(pressure viscous porous) moment(pressure viscous porous)
0.00061034   	((3.845229e+01 5.162174e+02 -1.026049e-18) (6.135279e+00 -1.674274e-01 2.188635e-20) (0.000000e+00 0.000000e+00 0.000000e+00)) ((-2.064870e+02 1.538091e+01 9.019474e+02) (6.697095e-02 2.454111e+00 -5.801377e+00) (0.000000e+00 0.000000e+00 0.000000e+00))
0.00112077   	((1.502407e+03 -4.043381e+02 -9.406812e-18) (6.830724e+00 -3.789597e-01 5.945944e-20) (0.000000e+00 0.000000e+00 0.000000e+00)) ((1.617352e+02 6.009629e+02 -3.281806e+03) (1.515839e-01 2.732290e+00 -7.488731e+00) (0.000000e+00 0.000000e+00 0.000000e+00))
0.00163119   	((1.698485e+03 -1.660205e+02 -8.433613e-18) (7.436907e+00 -2.576241e-01 4.660485e-20) (0.000000e+00 0.000000e+00 0.000000e+00)) ((6.640819e+01 6.793938e+02 -2.907616e+03) (1.030496e-01 2.974763e+00 -8.238630e+00) (0.000000e+00 0.000000e+00 0.000000e+00))
0.00213205   	((1.755115e+03 2.414835e+02 -9.136957e-18) (8.092487e+00 -1.445995e-01 3.894621e-20) (0.000000e+00 0.000000e+00 0.000000e+00)) ((-9.659342e+01 7.020460e+02 -1.810570e+03) (5.783982e-02 3.236995e+00 -8.441185e+00) (0.000000e+00 0.000000e+00 0.000000e+00))
0.00263793   	((1.638411e+03 5.571796e+02 -8.207829e-18) (8.663276e+00 -5.801880e-02 3.506537e-20) (0.000000e+00 0.000000e+00 0.000000e+00)) ((-2.228719e+02 6.553646e+02 -7.496071e+02) (2.320752e-02 3.465310e+00 -8.568017e+00) (0.000000e+00 0.000000e+00 0.000000e+00))
0.00315142   	((1.494271e+03 7.770063e+02 -7.344364e-18) (9.163174e+00 2.273858e-02 2.850795e-20) (0.000000e+00 0.000000e+00 0.000000e+00)) ((-3.108025e+02 5.977086e+02 1.566124e+02) (-9.095431e-03 3.665270e+00 -8.698445e+00) (0.000000e+00 0.000000e+00 0.000000e+00))
0.00366492   	((1.429576e+03 9.659449e+02 -7.350632e-18) (9.583104e+00 1.054883e-01 2.616882e-20) (0.000000e+00 0.000000e+00 0.000000e+00)) ((-3.863780e+02 5.718302e+02 8.177478e+02) (-4.219531e-02 3.833242e+00 -8.750200e+00) (0.000000e+00 0.000000e+00 0.000000e+00))
0.00417841   	((1.269222e+03 1.242542e+03 -6.729416e-18) (9.905671e+00 1.809895e-01 2.397405e-20) (0.000000e+00 0.000000e+00 0.000000e+00)) ((-4.970166e+02 5.076886e+02 1.993385e+03) (-7.239578e-02 3.962268e+00 -8.724722e+00) (0.000000e+00 0.000000e+00 0.000000e+00))
0.0046919    	((1.149091e+03 1.344682e+03 -5.929067e-18) (1.014712e+01 2.629486e-01 2.179330e-20) (0.000000e+00 0.000000e+00 0.000000e+00)) ((-5.378727e+02 4.596363e+02 2.423731e+03) (-1.051795e-01 4.058849e+00 -8.605870e+00) (0.000000e+00 0.000000e+00 0.000000e+00))
0.00520833   	((1.118801e+03 1.366419e+03 -5.720890e-18) (1.031528e+01 3.419143e-01 2.145804e-20) (0.000000e+00 0.000000e+00 0.000000e+00)) ((-5.465676e+02 4.475203e+02 2.637706e+03) (-1.367657e-01 4.126112e+00 -8.432290e+00) (0.000000e+00 0.000000e+00 0.000000e+00))
0.00572917   	((1.001300e+03 1.218166e+03 -5.216242e-18) (1.042276e+01 4.102733e-01 2.115171e-20) (0.000000e+00 0.000000e+00 0.000000e+00)) ((-4.872665e+02 4.005199e+02 2.511647e+03) (-1.641093e-01 4.169105e+00 -8.236501e+00) (0.000000e+00 0.000000e+00 0.000000e+00))
0.00625289   	((9.888040e+02 1.222393e+03 -5.358275e-18) (1.047770e+01 4.746761e-01 2.176417e-20) (0.000000e+00 0.000000e+00 0.000000e+00)) ((-4.889572e+02 3.955216e+02 2.660146e+03) (-1.898704e-01 4.191081e+00 -8.002324e+00) (0.000000e+00 0.000000e+00 0.000000e+00))
0.00678819   	((8.738855e+02 1.142306e+03 -8.378701e-18) (1.049926e+01 5.363527e-01 3.209116e-20) (0.000000e+00 0.000000e+00 0.000000e+00)) ((-4.569225e+02 3.495542e+02 2.694071e+03) (-2.145411e-01 4.199702e+00 -7.753833e+00) (0.000000e+00 0.000000e+00 0.000000e+00))
0.0073235    	((9.253911e+02 1.064169e+03 -5.728397e-18) (1.049917e+01 5.937669e-01 2.500240e-20) (0.000000e+00 0.000000e+00 0.000000e+00)) ((-4.256678e+02 3.701565e+02 2.632316e+03) (-2.375068e-01 4.199666e+00 -7.509913e+00) (0.000000e+00 0.000000e+00 0.000000e+00))
0.0078588    	((8.035583e+02 1.069370e+03 -5.090259e-18) (1.047786e+01 6.452815e-01 2.565164e-20) (0.000000e+00 0.000000e+00 0.000000e+00)) ((-4.277478e+02 3.214233e+02 2.909475e+03) (-2.581126e-01 4.191145e+00 -7.271722e+00) (0.000000e+00 0.000000e+00 0.000000e+00))
0.0083941    	((8.171906e+02 1.069774e+03 -7.245649e-18) (1.044391e+01 6.922580e-01 3.330199e-20) (0.000000e+00 0.000000e+00 0.000000e+00)) ((-4.279096e+02 3.268762e+02 2.962186e+03) (-2.769032e-01 4.177565e+00 -7.048576e+00) (0.000000e+00 0.000000e+00 0.000000e+00))
0.0089294    	((7.704265e+02 9.263530e+02 -6.884902e-18) (1.039812e+01 7.328190e-01 3.481224e-20) (0.000000e+00 0.000000e+00 0.000000e+00)) ((-3.705412e+02 3.081706e+02 2.822132e+03) (-2.931276e-01 4.159246e+00 -6.848200e+00) (0.000000e+00 0.000000e+00 0.000000e+00))
0.0094647    	((7.423588e+02 8.842098e+02 -6.660634e-18) (1.033835e+01 7.657362e-01 3.501405e-20) (0.000000e+00 0.000000e+00 0.000000e+00)) ((-3.536839e+02 2.969435e+02 2.800377e+03) (-3.062945e-01 4.135342e+00 -6.671245e+00) (0.000000e+00 0.000000e+00 0.000000e+00))
0.01         	((7.000911e+02 8.023743e+02 -6.341504e-18) (1.026710e+01 7.916026e-01 3.535804e-20) (0.000000e+00 0.000000e+00 0.000000e+00)) ((-3.209497e+02 2.800365e+02 2.808269e+03) (-3.166410e-01 4.106841e+00 -6.513915e+00) (0.000000e+00 0.000000e+00 0.000000e+00))
0.0105556    	((6.197701e+02 6.087165e+02 -8.097209e-18) (1.018567e+01 8.162757e-01 4.264887e-20) (0.000000e+00 0.000000e+00 0.000000e+00)) ((-2.434866e+02 2.479081e+02 2.428368e+03) (-3.265103e-01 4.074267e+00 -6.359531e+00) (0.000000e+00 0.000000e+00 0.000000e+00))
0.0111111    	((6.619097e+02 6.672531e+02 -8.604765e-18) (1.010094e+01 8.379069e-01 4.322337e-20) (0.000000e+00 0.000000e+00 0.000000e+00)) ((-2.669012e+02 2.647639e+02 2.653639e+03) (-3.351628e-01 4.040375e+00 -6.215464e+00) (0.000000e+00 0.000000e+00 0.000000e+00))
0.0116667    	((5.894386e+02 7.921382e+02 -7.931514e-18) (1.001273e+01 8.566648e-01 4.057237e-20) (0.000000e+00 0.000000e+00 0.000000e+00)) ((-3.168553e+02 2.357755e+02 3.113871e+03) (-3.426659e-01 4.005093e+00 -6.079762e+00) (0.000000e+00 0.000000e+00 0.000000e+00))
0.0122222    	((5.733765e+02 5.010518e+02 -7.655325e-18) (9.918932e+00 8.740233e-01 4.092696e-20) (0.000000e+00 0.000000e+00 0.000000e+00)) ((-2.004207e+02 2.293506e+02 2.438804e+03) (-3.496093e-01 3.967573e+00 -5.944089e+00) (0.000000e+00 0.000000e+00 0.000000e+00))
0.0127778    	((5.546973e+02 4.485163e+02 -7.734123e-18) (9.816935e+00 8.878799e-01 4.110210e-20) (0.000000e+00 0.000000e+00 0.000000e+00)) ((-1.794065e+02 2.218789e+02 2.394311e+03) (-3.551520e-01 3.926774e+00 -5.807604e+00) (0.000000e+00 0.000000e+00 0.000000e+00))
0.0133333    	((5.093219e+02 4.035849e+02 -9.730018e-18) (9.703955e+00 9.026916e-01 4.917431e-20) (0.000000e+00 0.000000e+00 0.000000e+00)) ((-1.614340e+02 2.037288e+02 2.418829e+03) (-3.610766e-01 3.881582e+00 -5.654812e+00) (0.000000e+00 0.000000e+00 0.000000e+00))
0.0138889    	((4.905288e+02 1.575250e+02 -9.147203e-18) (9.590467e+00 9.183565e-01 4.862508e-20) (0.000000e+00 0.000000e+00 0.000000e+00)) ((-6.301001e+01 1.962115e+02 1.968069e+03) (-3.673426e-01 3.836187e+00 -5.499403e+00) (0.000000e+00 0.000000e+00 0.000000e+00))
0.0144444    	((4.428831e+02 3.125821e+02 -8.253875e-18) (9.480950e+00 9.349380e-01 4.486454e-20) (0.000000e+00 0.000000e+00 0.000000e+00)) ((-1.250328e+02 1.771532e+02 2.402969e+03) (-3.739752e-01 3.792380e+00 -5.350216e+00) (0.000000e+00 0.000000e+00 0.000000e+00))
0.015        	((4.503766e+02 2.705276e+01 -8.449898e-18) (9.368884e+00 9.501889e-01 4.853606e-20) (0.000000e+00 0.000000e+00 0.000000e+00)) ((-1.082110e+01 1.801506e+02 1.845164e+03) (-3.800755e-01 3.747554e+00 -5.201988e+00) (0.000000e+00 0.000000e+00 0.000000e+00))
0.0155814    	((4.220994e+02 -1.564738e+02 -1.228912e-17) (9.243411e+00 9.640219e-01 6.573296e-20) (0.000000e+00 0.000000e+00 0.000000e+00)) ((6.258952e+01 1.688397e+02 1.356449e+03) (-3.856088e-01 3.697364e+00 -5.036935e+00) (0.000000e+00 0.000000e+00 0.000000e+00))
0.0161628    	((4.320182e+02 -2.035599e+01 -8.950019e-18) (9.111095e+00 9.814708e-01 5.765627e-20) (0.000000e+00 0.000000e+00 0.000000e+00)) ((8.142396e+00 1.728073e+02 1.732077e+03) (-3.925883e-01 3.644438e+00 -4.853266e+00) (0.000000e+00 0.000000e+00 0.000000e+00))
0.0167442    	((4.449040e+02 -2.318975e+02 -1.193826e-17) (8.981268e+00 9.990330e-01 6.907915e-20) (0.000000e+00 0.000000e+00 0.000000e+00)) ((9.275898e+01 1.779616e+02 1.208240e+03) (-3.996132e-01 3.592507e+00 -4.675849e+00) (0.000000e+00 0.000000e+00 0.000000e+00))
0.0173256    	((3.842223e+02 -1.359715e+02 -1.128448e-17) (8.857778e+00 1.014341e+00 6.756038e-20) (0.000000e+00 0.000000e+00 0.000000e+00)) ((5.438860e+01 1.536889e+02 1.521340e+03) (-4.057364e-01 3.543111e+00 -4.519669e+00) (0.000000e+00 0.000000e+00 0.000000e+00))
0.017907     	((4.360506e+02 -2.031704e+02 -1.008530e-17) (8.743483e+00 1.026840e+00 6.335623e-20) (0.000000e+00 0.000000e+00 0.000000e+00)) ((8.126814e+01 1.744202e+02 1.322872e+03) (-4.107359e-01 3.497393e+00 -4.391581e+00) (0.000000e+00 0.000000e+00 0.000000e+00))
0.0184884    	((3.817797e+02 -2.719161e+02 -1.196071e-17) (8.632044e+00 1.037257e+00 7.109366e-20) (0.000000e+00 0.000000e+00 0.000000e+00)) ((1.087665e+02 1.527119e+02 1.201944e+03) (-4.149029e-01 3.452818e+00 -4.277557e+00) (0.000000e+00 0.000000e+00 0.000000e+00))
0.019034     	((4.471122e+02 -1.589014e+02 -9.650406e-18) (8.530228e+00 1.044171e+00 6.008207e-20) (0.000000e+00 0.000000e+00 0.000000e+00)) ((6.356055e+01 1.788449e+02 1.453154e+03) (-4.176682e-01 3.412091e+00 -4.184937e+00) (0.000000e+00 0.000000e+00 0.000000e+00))
0.0195707    	((3.932033e+02 -1.836179e+02 -1.174252e-17) (8.430591e+00 1.047200e+00 6.718856e-20) (0.000000e+00 0.000000e+00 0.000000e+00)) ((7.344717e+01 1.572813e+02 1.429660e+03) (-4.188801e-01 3.372237e+00 -4.106248e+00) (0.000000e+00 0.000000e+00 0.000000e+00))
0.0201064    	((4.508934e+02 -1.708083e+02 -1.216562e-17) (8.332482e+00 1.047475e+00 6.744354e-20) (0.000000e+00 0.000000e+00 0.000000e+00)) ((6.832332e+01 1.803574e+02 1.461678e+03) (-4.189900e-01 3.332993e+00 -4.041417e+00) (0.000000e+00 0.000000e+00 0.000000e+00))
0.0206312    	((4.574051e+02 -1.293257e+02 -1.208055e-17) (8.240344e+00 1.045288e+00 6.549786e-20) (0.000000e+00 0.000000e+00 0.000000e+00)) ((5.173028e+01 1.829620e+02 1.541587e+03) (-4.181151e-01 3.296138e+00 -3.993266e+00) (0.000000e+00 0.000000e+00 0.000000e+00))
0.0211513    	((4.354836e+02 9.284571e+00 -9.318972e-18) (8.150509e+00 1.042399e+00 5.624090e-20) (0.000000e+00 0.000000e+00 0.000000e+00)) ((-3.713828e+00 1.741934e+02 1.867466e+03) (-4.169595e-01 3.260204e+00 -3.951545e+00) (0.000000e+00 0.000000e+00 0.000000e+00))
0.0216627    	((4.645754e+02 -3.183845e+01 -1.423719e-17) (8.059780e+00 1.038598e+00 7.180821e-20) (0.000000e+00 0.000000e+00 0.000000e+00)) ((1.273538e+01 1.858302e+02 1.763162e+03) (-4.154392e-01 3.223912e+00 -3.907741e+00) (0.000000e+00 0.000000e+00 0.000000e+00))
0.0221684    	((4.714904e+02 1.285312e+02 -9.194735e-18) (7.956435e+00 1.036935e+00 5.630201e-20) (0.000000e+00 0.000000e+00 0.000000e+00)) ((-5.141247e+01 1.885961e+02 2.108492e+03) (-4.147742e-01 3.182574e+00 -3.838724e+00) (0.000000e+00 0.000000e+00 0.000000e+00))
0.022674     	((4.877302e+02 7.842750e+01 -1.321322e-17) (7.833070e+00 1.040678e+00 7.130024e-20) (0.000000e+00 0.000000e+00 0.000000e+00)) ((-3.137100e+01 1.950921e+02 1.982045e+03) (-4.162712e-01 3.133228e+00 -3.720599e+00) (0.000000e+00 0.000000e+00 0.000000e+00))
0.0231989    	((4.865344e+02 8.665266e+01 -1.312990e-17) (7.703856e+00 1.050662e+00 7.527396e-20) (0.000000e+00 0.000000e+00 0.000000e+00)) ((-3.466106e+01 1.946138e+02 2.019387e+03) (-4.202649e-01 3.081542e+00 -3.573377e+00) (0.000000e+00 0.000000e+00 0.000000e+00))
0.0237287    	((4.982296e+02 3.560003e+02 -1.332021e-17) (7.576939e+00 1.059029e+00 7.610838e-20) (0.000000e+00 0.000000e+00 0.000000e+00)) ((-1.424001e+02 1.992919e+02 2.671739e+03) (-4.236115e-01 3.030775e+00 -3.432954e+00) (0.000000e+00 0.000000e+00 0.000000e+00))
0.0243065    	((5.016676e+02 3.233303e+02 -1.334553e-17) (7.440111e+00 1.067738e+00 8.332811e-20) (0.000000e+00 0.000000e+00 0.000000e+00)) ((-1.293321e+02 2.006670e+02 2.595459e+03) (-4.270950e-01 2.976044e+00 -3.278725e+00) (0.000000e+00 0.000000e+00 0.000000e+00))
0.0248844    	((5.050288e+02 3.048263e+02 -1.367028e-17) (7.298001e+00 1.079696e+00 8.567098e-20) (0.000000e+00 0.000000e+00 0.000000e+00)) ((-1.219305e+02 2.020115e+02 2.487786e+03) (-4.318784e-01 2.919201e+00 -3.100188e+00) (0.000000e+00 0.000000e+00 0.000000e+00))
0.0254878    	((4.762827e+02 5.114529e+02 -1.434523e-17) (7.137981e+00 1.105795e+00 8.944497e-20) (0.000000e+00 0.000000e+00 0.000000e+00)) ((-2.045812e+02 1.905131e+02 3.000298e+03) (-4.423182e-01 2.855192e+00 -2.845497e+00) (0.000000e+00 0.000000e+00 0.000000e+00))
0.0260976    	((5.346791e+02 5.999267e+02 -1.450007e-17) (6.969004e+00 1.141616e+00 9.128336e-20) (0.000000e+00 0.000000e+00 0.000000e+00)) ((-2.399707e+02 2.138716e+02 3.197992e+03) (-4.566466e-01 2.787602e+00 -2.540812e+00) (0.000000e+00 0.000000e+00 0.000000e+00))
0.0267073    	((5.326611e+02 7.148074e+02 -1.441617e-17) (6.815300e+00 1.175645e+00 9.413686e-20) (0.000000e+00 0.000000e+00 0.000000e+00)) ((-2.859229e+02 2.130644e+02 3.471081e+03) (-4.702581e-01 2.726120e+00 -2.267463e+00) (0.000000e+00 0.000000e+00 0.000000e+00))
0.0273171    	((5.322199e+02 7.819178e+02 -1.438069e-17) (6.679812e+00 1.195381e+00 9.550072e-20) (0.000000e+00 0.000000e+00 0.000000e+00)) ((-3.127671e+02 2.128879e+02 3.629295e+03) (-4.781524e-01 2.671925e+00 -2.072092e+00) (0.000000e+00 0.000000e+00 0.000000e+00))
0.0279268    	((5.390656e+02 9.059252e+02 -1.443866e-17) (6.558726e+00 1.210090e+00 9.565591e-20) (0.000000e+00 0.000000e+00 0.000000e+00)) ((-3.623701e+02 2.156263e+02 3.914532e+03) (-4.840362e-01 2.623490e+00 -1.917768e+00) (0.000000e+00 0.000000e+00 0.000000e+00))
0.0285366    	((5.498971e+02 9.439431e+02 -1.472998e-17) (6.445548e+00 1.223732e+00 9.518775e-20) (0.000000e+00 0.000000e+00 0.000000e+00)) ((-3.775772e+02 2.199589e+02 4.013314e+03) (-4.894927e-01 2.578219e+00 -1.780781e+00) (0.000000e+00 0.000000e+00 0.000000e+00))
0.0291463    	((5.825699e+02 1.067475e+03 -1.510979e-17) (6.339631e+00 1.236768e+00 9.592985e-20) (0.000000e+00 0.000000e+00 0.000000e+00)) ((-4.269899e+02 2.330280e+02 4.306049e+03) (-4.947072e-01 2.535852e+00 -1.657202e+00) (0.000000e+00 0.000000e+00 0.000000e+00))
0.0297561    	((5.763194e+02 1.092975e+03 -1.548791e-17) (6.232928e+00 1.251469e+00 9.649437e-20) (0.000000e+00 0.000000e+00 0.000000e+00)) ((-4.371901e+02 2.305278e+02 4.348919e+03) (-5.005874e-01 2.493171e+00 -1.524584e+00) (0.000000e+00 0.000000e+00 0.000000e+00))
0.0303659    	((5.710971e+02 1.170515e+03 -1.574303e-17) (6.127398e+00 1.268655e+00 9.822135e-20) (0.000000e+00 0.000000e+00 0.000000e+00)) ((-4.682058e+02 2.284388e+02 4.534616e+03) (-5.074620e-01 2.450959e+00 -1.383929e+00) (0.000000e+00 0.000000e+00 0.000000e+00))
0.0309756    	((5.843488e+02 1.301096e+03 -1.602664e-17) (6.028618e+00 1.281609e+00 9.915100e-20) (0.000000e+00 0.000000e+00 0.000000e+00)) ((-5.204384e+02 2.337395e+02 4.857347e+03) (-5.126438e-01 2.411447e+00 -1.265820e+00) (0.000000e+00 0.000000e+00 0.000000e+00))
0.0315854    	((6.337636e+02 1.209602e+03 -1.675206e-17) (5.940354e+00 1.289095e+00 1.029626e-19) (0.000000e+00 0.000000e+00 0.000000e+00)) ((-4.838408e+02 2.535054e+02 4.610859e+03) (-5.156381e-01 2.376141e+00 -1.180861e+00) (0.000000e+00 0.000000e+00 0.000000e+00))
0.0321951    	((6.069614e+02 1.354001e+03 -1.686960e-17) (5.860485e+00 1.290672e+00 1.039275e-19) (0.000000e+00 0.000000e+00 0.000000e+00)) ((-5.416002e+02 2.427846e+02 4.956375e+03) (-5.162689e-01 2.344194e+00 -1.125607e+00) (0.000000e+00 0.000000e+00 0.000000e+00))
0.0328049    	((6.062182e+02 1.356988e+03 -1.710488e-17) (5.785564e+00 1.286850e+00 1.063134e-19) (0.000000e+00 0.000000e+00 0.000000e+00)) ((-5.427952e+02 2.424873e+02 4.958871e+03) (-5.147400e-01 2.314226e+00 -1.093938e+00) (0.000000e+00 0.000000e+00 0.000000e+00))
0.0334146    	((6.312215e+02 1.354609e+03 -1.760431e-17) (5.714600e+00 1.278367e+00 1.084684e-19) (0.000000e+00 0.000000e+00 0.000000e+00)) ((-5.418435e+02 2.524886e+02 4.939337e+03) (-5.113467e-01 2.285840e+00 -1.080792e+00) (0.000000e+00 0.000000e+00 0.000000e+00))
0.0340244    	((6.373109e+02 1.369997e+03 -1.775529e-17) (5.647192e+00 1.268881e+00 1.104634e-19) (0.000000e+00 0.000000e+00 0.000000e+00)) ((-5.479987e+02 2.549244e+02 4.968947e+03) (-5.075526e-01 2.258877e+00 -1.073659e+00) (0.000000e+00 0.000000e+00 0.000000e+00))
0.0346341    	((6.395296e+02 1.387466e+03 -1.806395e-17) (5.581819e+00 1.260479e+00 1.122792e-19) (0.000000e+00 0.000000e+00 0.000000e+00)) ((-5.549865e+02 2.558118e+02 4.992504e+03) (-5.041916e-01 2.232728e+00 -1.063741e+00) (0.000000e+00 0.000000e+00 0.000000e+00))
0.03525      	((6.356629e+02 1.400345e+03 -1.820842e-17) (5.516335e+00 1.253831e+00 1.152108e-19) (0.000000e+00 0.000000e+00 0.000000e+00)) ((-5.601378e+02 2.542652e+02 5.023215e+03) (-5.015322e-01 2.206534e+00 -1.045450e+00) (0.000000e+00 0.000000e+00 0.000000e+00))
0.035875     	((6.312940e+02 1.395603e+03 -1.849847e-17) (5.450336e+00 1.250207e+00 1.160380e-19) (0.000000e+00 0.000000e+00 0.000000e+00)) ((-5.582414e+02 2.525176e+02 5.001416e+03) (-5.000828e-01 2.180134e+00 -1.014697e+00) (0.000000e+00 0.000000e+00 0.000000e+00))
0.0365       	((6.286578e+02 1.301970e+03 -2.116861e-17) (5.384163e+00 1.250574e+00 1.265464e-19) (0.000000e+00 0.000000e+00 0.000000e+00)) ((-5.207880e+02 2.514631e+02 4.747883e+03) (-5.002295e-01 2.153665e+00 -9.678874e-01) (0.000000e+00 0.000000e+00 0.000000e+00))
0.0370988    	((6.431012e+02 1.484255e+03 -1.702493e-17) (5.319252e+00 1.256137e+00 1.031495e-19) (0.000000e+00 0.000000e+00 0.000000e+00)) ((-5.937019e+02 2.572405e+02 5.169325e+03) (-5.024548e-01 2.127701e+00 -9.009510e-01) (0.000000e+00 0.000000e+00 0.000000e+00))
0.037679     	((6.454913e+02 1.179188e+03 -1.719068e-17) (5.255252e+00 1.268024e+00 1.053773e-19) (0.000000e+00 0.000000e+00 0.000000e+00)) ((-4.716753e+02 2.581965e+02 4.405924e+03) (-5.072097e-01 2.102101e+00 -8.105653e-01) (0.000000e+00 0.000000e+00 0.000000e+00))
0.0382464    	((6.285814e+02 1.283836e+03 -1.722199e-17) (5.189597e+00 1.284830e+00 1.008550e-19) (0.000000e+00 0.000000e+00 0.000000e+00)) ((-5.135345e+02 2.514325e+02 4.657387e+03) (-5.139320e-01 2.075839e+00 -6.973820e-01) (0.000000e+00 0.000000e+00 0.000000e+00))
0.0387944    	((6.104579e+02 1.416347e+03 -2.018547e-17) (5.123032e+00 1.306702e+00 1.110325e-19) (0.000000e+00 0.000000e+00 0.000000e+00)) ((-5.665386e+02 2.441831e+02 5.015081e+03) (-5.226809e-01 2.049213e+00 -5.643737e-01) (0.000000e+00 0.000000e+00 0.000000e+00))
0.0393424    	((6.313163e+02 1.331228e+03 -1.762821e-17) (5.055942e+00 1.331589e+00 1.009310e-19) (0.000000e+00 0.000000e+00 0.000000e+00)) ((-5.324911e+02 2.525265e+02 4.744229e+03) (-5.326357e-01 2.022377e+00 -4.176107e-01) (0.000000e+00 0.000000e+00 0.000000e+00))
0.0398904    	((6.132153e+02 1.330456e+03 -1.759673e-17) (4.990024e+00 1.358384e+00 1.007118e-19) (0.000000e+00 0.000000e+00 0.000000e+00)) ((-5.321825e+02 2.452861e+02 4.776301e+03) (-5.433535e-01 1.996010e+00 -2.657873e-01) (0.000000e+00 0.000000e+00 0.000000e+00))
0.0404545    	((5.937822e+02 1.107692e+03 -1.918345e-17) (4.921279e+00 1.382383e+00 1.087869e-19) (0.000000e+00 0.000000e+00 0.000000e+00)) ((-4.430768e+02 2.375129e+02 4.222611e+03) (-5.529531e-01 1.968512e+00 -1.199407e-01) (0.000000e+00 0.000000e+00 0.000000e+00))
0.041026     	((6.032404e+02 1.288957e+03 -1.764960e-17) (4.857165e+00 1.403426e+00 1.030341e-19) (0.000000e+00 0.000000e+00 0.000000e+00)) ((-5.155826e+02 2.412962e+02 4.643082e+03) (-5.613703e-01 1.942866e+00 1.056575e-02) (0.000000e+00 0.000000e+00 0.000000e+00))
0.0416104    	((5.141751e+02 1.237088e+03 -1.910404e-17) (4.791636e+00 1.420772e+00 1.089342e-19) (0.000000e+00 0.000000e+00 0.000000e+00)) ((-4.948351e+02 2.056700e+02 4.528763e+03) (-5.683088e-01 1.916655e+00 1.300604e-01) (0.000000e+00 0.000000e+00 0.000000e+00))
0.0422083    	((5.657754e+02 1.140909e+03 -1.944545e-17) (4.726308e+00 1.436169e+00 1.120624e-19) (0.000000e+00 0.000000e+00 0.000000e+00)) ((-4.563634e+02 2.263102e+02 4.282746e+03) (-5.744677e-01 1.890523e+00 2.422197e-01) (0.000000e+00 0.000000e+00 0.000000e+00))
0.0428152    	((5.537013e+02 1.214993e+03 -1.922488e-17) (4.661868e+00 1.446636e+00 1.106238e-19) (0.000000e+00 0.000000e+00 0.000000e+00)) ((-4.859973e+02 2.214805e+02 4.462642e+03) (-5.786544e-01 1.864747e+00 3.369178e-01) (0.000000e+00 0.000000e+00 0.000000e+00))
0.0434221    	((5.452104e+02 1.212296e+03 -1.905209e-17) (4.599834e+00 1.450905e+00 1.099134e-19) (0.000000e+00 0.000000e+00 0.000000e+00)) ((-4.849184e+02 2.180841e+02 4.423505e+03) (-5.803619e-01 1.839934e+00 4.082596e-01) (0.000000e+00 0.000000e+00 0.000000e+00))
0.044029     	((5.675997e+02 1.143738e+03 -1.748700e-17) (4.541529e+00 1.449430e+00 1.023329e-19) (0.000000e+00 0.000000e+00 0.000000e+00)) ((-4.574954e+02 2.270399e+02 4.252943e+03) (-5.797722e-01 1.816612e+00 4.568866e-01) (0.000000e+00 0.000000e+00 0.000000e+00))
0.0446359    	((5.405220e+02 1.197455e+03 -2.011525e-17) (4.482492e+00 1.446146e+00 1.142472e-19) (0.000000e+00 0.000000e+00 0.000000e+00)) ((-4.789822e+02 2.162088e+02 4.383871e+03) (-5.784585e-01 1.792997e+00 5.011861e-01) (0.000000e+00 0.000000e+00 0.000000e+00))
0.0452564    	((5.958139e+02 1.140507e+03 -1.859002e-17) (4.424664e+00 1.441925e+00 1.097108e-19) (0.000000e+00 0.000000e+00 0.000000e+00)) ((-4.562026e+02 2.383256e+02 4.245103e+03) (-5.767700e-01 1.769866e+00 5.409283e-01) (0.000000e+00 0.000000e+00 0.000000e+00))
0.0458974    	((5.363211e+02 1.114604e+03 -2.115534e-17) (4.364538e+00 1.437184e+00 1.233725e-19) (0.000000e+00 0.000000e+00 0.000000e+00)) ((-4.458417e+02 2.145284e+02 4.161917e+03) (-5.748737e-01 1.745815e+00 5.812293e-01) (0.000000e+00 0.000000e+00 0.000000e+00))
0.0465385    	((6.118960e+02 1.171170e+03 -1.950244e-17) (4.305102e+00 1.433447e+00 1.150452e-19) (0.000000e+00 0.000000e+00 0.000000e+00)) ((-4.684678e+02 2.447584e+02 4.267815e+03) (-5.733789e-01 1.722041e+00 6.243002e-01) (0.000000e+00 0.000000e+00 0.000000e+00))
0.0471795    	((5.561576e+02 1.167616e+03 -1.903412e-17) (4.245630e+00 1.431878e+00 1.131975e-19) (0.000000e+00 0.000000e+00 0.000000e+00)) ((-4.670465e+02 2.224630e+02 4.240174e+03) (-5.727511e-01 1.698252e+00 6.754764e-01) (0.000000e+00 0.000000e+00 0.000000e+00))
0.0478205    	((6.220903e+02 1.076092e+03 -1.991471e-17) (4.185405e+00 1.433362e+00 1.177391e-19) (0.000000e+00 0.000000e+00 0.000000e+00)) ((-4.304368e+02 2.488361e+02 4.004751e+03) (-5.733447e-01 1.674162e+00 7.383968e-01) (0.000000e+00 0.000000e+00 0.000000e+00))
0.0484615    	((5.876684e+02 1.169435e+03 -2.004599e-17) (4.125911e+00 1.437272e+00 1.185024e-19) (0.000000e+00 0.000000e+00 0.000000e+00)) ((-4.677739e+02 2.350674e+02 4.193843e+03) (-5.749089e-01 1.650364e+00 8.091096e-01) (0.000000e+00 0.000000e+00 0.000000e+00))
0.0491026    	((5.887867e+02 1.152353e+03 -2.006274e-17) (4.066804e+00 1.443296e+00 1.188994e-19) (0.000000e+00 0.000000e+00 0.000000e+00)) ((-4.609413e+02 2.355147e+02 4.159516e+03) (-5.773183e-01 1.626722e+00 8.860780e-01) (0.000000e+00 0.000000e+00 0.000000e+00))
0.0497436    	((6.269774e+02 1.127140e+03 -2.044044e-17) (4.010529e+00 1.449620e+00 1.208049e-19) (0.000000e+00 0.000000e+00 0.000000e+00)) ((-4.508558e+02 2.507910e+02 4.072717e+03) (-5.798481e-01 1.604212e+00 9.604479e-01) (0.000000e+00 0.000000e+00 0.000000e+00))
0.0503846    	((6.173859e+02 1.164398e+03 -2.024146e-17) (3.956322e+00 1.455820e+00 1.202117e-19) (0.000000e+00 0.000000e+00 0.000000e+00)) ((-4.657592e+02 2.469543e+02 4.142651e+03) (-5.823281e-01 1.582529e+00 1.030826e+00) (0.000000e+00 0.000000e+00 0.000000e+00))
0.0510256    	((6.529044e+02 1.155374e+03 -1.872824e-17) (3.905252e+00 1.461128e+00 1.136913e-19) (0.000000e+00 0.000000e+00 0.000000e+00)) ((-4.621497e+02 2.611618e+02 4.103824e+03) (-5.844512e-01 1.562101e+00 1.093543e+00) (0.000000e+00 0.000000e+00 0.000000e+00))
0.0516667    	((6.163057e+02 1.148672e+03 -2.020303e-17) (3.856394e+00 1.464236e+00 1.210862e-19) (0.000000e+00 0.000000e+00 0.000000e+00)) ((-4.594688e+02 2.465223e+02 4.064491e+03) (-5.856946e-01 1.542558e+00 1.145611e+00) (0.000000e+00 0.000000e+00 0.000000e+00))
0.0523077    	((6.664111e+02 1.130510e+03 -2.079286e-17) (3.812472e+00 1.465386e+00 1.236986e-19) (0.000000e+00 0.000000e+00 0.000000e+00)) ((-4.522040e+02 2.665645e+02 4.005370e+03) (-5.861544e-01 1.524989e+00 1.183585e+00) (0.000000e+00 0.000000e+00 0.000000e+00))
0.0529487    	((6.481964e+02 1.159366e+03 -2.064875e-17) (3.771691e+00 1.464548e+00 1.241230e-19) (0.000000e+00 0.000000e+00 0.000000e+00)) ((-4.637463e+02 2.592785e+02 4.072773e+03) (-5.858191e-01 1.508676e+00 1.209775e+00) (0.000000e+00 0.000000e+00 0.000000e+00))
0.0535897    	((6.882717e+02 1.150715e+03 -1.956932e-17) (3.734823e+00 1.461312e+00 1.197737e-19) (0.000000e+00 0.000000e+00 0.000000e+00)) ((-4.602860e+02 2.753087e+02 4.043449e+03) (-5.845246e-01 1.493929e+00 1.221724e+00) (0.000000e+00 0.000000e+00 0.000000e+00))
0.0542308    	((6.464983e+02 1.140274e+03 -2.105138e-17) (3.701392e+00 1.455325e+00 1.272156e-19) (0.000000e+00 0.000000e+00 0.000000e+00)) ((-4.561096e+02 2.585993e+02 3.978824e+03) (-5.821299e-01 1.480557e+00 1.219718e+00) (0.000000e+00 0.000000e+00 0.000000e+00))
0.0548718    	((6.770649e+02 1.109516e+03 -2.122633e-17) (3.670744e+00 1.446645e+00 1.288702e-19) (0.000000e+00 0.000000e+00 0.000000e+00)) ((-4.438064e+02 2.708260e+02 3.927810e+03) (-5.786580e-01 1.468298e+00 1.203980e+00) (0.000000e+00 0.000000e+00 0.000000e+00))
0.0555263    	((6.864535e+02 1.121943e+03 -2.123116e-17) (3.642765e+00 1.435933e+00 1.306834e-19) (0.000000e+00 0.000000e+00 0.000000e+00)) ((-4.487773e+02 2.745814e+02 3.919989e+03) (-5.743733e-01 1.457106e+00 1.177361e+00) (0.000000e+00 0.000000e+00 0.000000e+00))
0.0561842    	((7.144830e+02 1.168076e+03 -2.009789e-17) (3.616615e+00 1.424145e+00 1.252623e-19) (0.000000e+00 0.000000e+00 0.000000e+00)) ((-4.672304e+02 2.857932e+02 4.066274e+03) (-5.696581e-01 1.446646e+00 1.144332e+00) (0.000000e+00 0.000000e+00 0.000000e+00))
0.0568421    	((6.784172e+02 1.061805e+03 -2.165944e-17) (3.589577e+00 1.412498e+00 1.323527e-19) (0.000000e+00 0.000000e+00 0.000000e+00)) ((-4.247221e+02 2.713669e+02 3.776438e+03) (-5.649992e-01 1.435831e+00 1.113760e+00) (0.000000e+00 0.000000e+00 0.000000e+00))
0.0575       	((7.076772e+02 1.101718e+03 -2.179915e-17) (3.562884e+00 1.402258e+00 1.311977e-19) (0.000000e+00 0.000000e+00 0.000000e+00)) ((-4.406872e+02 2.830709e+02 3.868154e+03) (-5.609033e-01 1.425154e+00 1.088308e+00) (0.000000e+00 0.000000e+00 0.000000e+00))
0.0581579    	((7.059187e+02 1.134618e+03 -1.925971e-17) (3.534833e+00 1.393665e+00 1.149744e-19) (0.000000e+00 0.000000e+00 0.000000e+00)) ((-4.538470e+02 2.823675e+02 3.939743e+03) (-5.574662e-01 1.413933e+00 1.071524e+00) (0.000000e+00 0.000000e+00 0.000000e+00))
0.0588158    	((7.255466e+02 1.056960e+03 -2.192747e-17) (3.505353e+00 1.387304e+00 1.254292e-19) (0.000000e+00 0.000000e+00 0.000000e+00)) ((-4.227840e+02 2.902187e+02 3.753166e+03) (-5.549217e-01 1.402141e+00 1.065630e+00) (0.000000e+00 0.000000e+00 0.000000e+00))
0.0594737    	((6.884954e+02 1.075070e+03 -2.167845e-17) (3.473122e+00 1.383826e+00 1.198585e-19) (0.000000e+00 0.000000e+00 0.000000e+00)) ((-4.300280e+02 2.753982e+02 3.793724e+03) (-5.535304e-01 1.389249e+00 1.074802e+00) (0.000000e+00 0.000000e+00 0.000000e+00))
0.0601316    	((7.411687e+02 1.071482e+03 -2.043759e-17) (3.438800e+00 1.382895e+00 1.112845e-19) (0.000000e+00 0.000000e+00 0.000000e+00)) ((-4.285928e+02 2.964675e+02 3.803437e+03) (-5.531580e-01 1.375520e+00 1.096797e+00) (0.000000e+00 0.000000e+00 0.000000e+00))
0.0607895    	((6.905707e+02 1.077204e+03 -2.024473e-17) (3.403234e+00 1.384402e+00 1.074086e-19) (0.000000e+00 0.000000e+00 0.000000e+00)) ((-4.308816e+02 2.762283e+02 3.782417e+03) (-5.537610e-01 1.361294e+00 1.130509e+00) (0.000000e+00 0.000000e+00 0.000000e+00))
0.0614474    	((7.151195e+02 1.057335e+03 -2.277234e-17) (3.366167e+00 1.387626e+00 1.179344e-19) (0.000000e+00 0.000000e+00 0.000000e+00)) ((-4.229341e+02 2.860478e+02 3.779765e+03) (-5.550502e-01 1.346467e+00 1.172890e+00) (0.000000e+00 0.000000e+00 0.000000e+00))
0.0621053    	((7.059896e+02 1.026179e+03 -1.913053e-17) (3.328127e+00 1.392293e+00 9.955775e-20) (0.000000e+00 0.000000e+00 0.000000e+00)) ((-4.104718e+02 2.823958e+02 3.673435e+03) (-5.569172e-01 1.331251e+00 1.223290e+00) (0.000000e+00 0.000000e+00 0.000000e+00))
0.0627632    	((7.378766e+02 1.045395e+03 -2.161018e-17) (3.290570e+00 1.397987e+00 1.097497e-19) (0.000000e+00 0.000000e+00 0.000000e+00)) ((-4.181580e+02 2.951506e+02 3.706566e+03) (-5.591949e-01 1.316228e+00 1.277611e+00) (0.000000e+00 0.000000e+00 0.000000e+00))
0.0634211    	((7.069805e+02 1.001447e+03 -2.120129e-17) (3.250129e+00 1.404433e+00 1.078818e-19) (0.000000e+00 0.000000e+00 0.000000e+00)) ((-4.005786e+02 2.827922e+02 3.599600e+03) (-5.617734e-01 1.300052e+00 1.339189e+00) (0.000000e+00 0.000000e+00 0.000000e+00))
0.0640789    	((7.155017e+02 1.005046e+03 -2.133313e-17) (3.210903e+00 1.411008e+00 1.082070e-19) (0.000000e+00 0.000000e+00 0.000000e+00)) ((-4.020185e+02 2.862007e+02 3.596176e+03) (-5.644032e-01 1.284361e+00 1.400991e+00) (0.000000e+00 0.000000e+00 0.000000e+00))
0.0647368    	((7.093398e+02 1.008855e+03 -2.105609e-17) (3.171766e+00 1.417919e+00 1.076923e-19) (0.000000e+00 0.000000e+00 0.000000e+00)) ((-4.035421e+02 2.837359e+02 3.597601e+03) (-5.671677e-01 1.268706e+00 1.464344e+00) (0.000000e+00 0.000000e+00 0.000000e+00))
0.0653947    	((6.992833e+02 1.006687e+03 -2.077318e-17) (3.131708e+00 1.424826e+00 1.065708e-19) (0.000000e+00 0.000000e+00 0.000000e+00)) ((-4.026746e+02 2.797133e+02 3.601510e+03) (-5.699303e-01 1.252683e+00 1.530021e+00) (0.000000e+00 0.000000e+00 0.000000e+00))
0.0660526    	((6.892882e+02 9.870768e+02 -2.041470e-17) (3.091728e+00 1.431588e+00 1.061877e-19) (0.000000e+00 0.000000e+00 0.000000e+00)) ((-3.948307e+02 2.757153e+02 3.535192e+03) (-5.726350e-01 1.236691e+00 1.595852e+00) (0.000000e+00 0.000000e+00 0.000000e+00))
0.0667105    	((6.826563e+02 9.662408e+02 -2.007923e-17) (3.051083e+00 1.438150e+00 1.062001e-19) (0.000000e+00 0.000000e+00 0.000000e+00)) ((-3.864963e+02 2.730625e+02 3.487195e+03) (-5.752600e-01 1.220433e+00 1.662647e+00) (0.000000e+00 0.000000e+00 0.000000e+00))
0.0673684    	((6.763272e+02 9.523189e+02 -1.960203e-17) (3.011233e+00 1.444601e+00 1.057086e-19) (0.000000e+00 0.000000e+00 0.000000e+00)) ((-3.809276e+02 2.705309e+02 3.456489e+03) (-5.778403e-01 1.204493e+00 1.728652e+00) (0.000000e+00 0.000000e+00 0.000000e+00))
0.0680263    	((6.742469e+02 9.430113e+02 -1.928521e-17) (2.972018e+00 1.450279e+00 1.058638e-19) (0.000000e+00 0.000000e+00 0.000000e+00)) ((-3.772045e+02 2.696988e+02 3.431068e+03) (-5.801114e-01 1.188807e+00 1.791870e+00) (0.000000e+00 0.000000e+00 0.000000e+00))
0.0686842    	((6.676389e+02 9.512477e+02 -1.874801e-17) (2.933140e+00 1.455705e+00 1.054780e-19) (0.000000e+00 0.000000e+00 0.000000e+00)) ((-3.804991e+02 2.670555e+02 3.461894e+03) (-5.822822e-01 1.173256e+00 1.853992e+00) (0.000000e+00 0.000000e+00 0.000000e+00))
0.0693421    	((6.614736e+02 9.496741e+02 -1.846629e-17) (2.894433e+00 1.460370e+00 1.051294e-19) (0.000000e+00 0.000000e+00 0.000000e+00)) ((-3.798696e+02 2.645894e+02 3.455708e+03) (-5.841480e-01 1.157773e+00 1.913508e+00) (0.000000e+00 0.000000e+00 0.000000e+00))
0.07         	((6.551977e+02 9.443224e+02 -1.818964e-17) (2.855797e+00 1.464463e+00 1.046249e-19) (0.000000e+00 0.000000e+00 0.000000e+00)) ((-3.777289e+02 2.620791e+02 3.451681e+03) (-5.857851e-01 1.142319e+00 1.971560e+00) (0.000000e+00 0.000000e+00 0.000000e+00))
0.0706579    	((6.415989e+02 9.282165e+02 -1.747677e-17) (2.818601e+00 1.468454e+00 1.047223e-19) (0.000000e+00 0.000000e+00 0.000000e+00)) ((-3.712866e+02 2.566396e+02 3.433080e+03) (-5.873816e-01 1.127440e+00 2.026911e+00) (0.000000e+00 0.000000e+00 0.000000e+00))
0.0713158    	((6.468095e+02 9.192353e+02 -1.767513e-17) (2.782346e+00 1.471362e+00 1.050472e-19) (0.000000e+00 0.000000e+00 0.000000e+00)) ((-3.676941e+02 2.587238e+02 3.395605e+03) (-5.885449e-01 1.112938e+00 2.077797e+00) (0.000000e+00 0.000000e+00 0.000000e+00))
0.0719737    	((6.360234e+02 9.359290e+02 -1.701844e-17) (2.746884e+00 1.473047e+00 1.038213e-19) (0.000000e+00 0.000000e+00 0.000000e+00)) ((-3.743716e+02 2.544093e+02 3.461423e+03) (-5.892187e-01 1.098754e+00 2.123321e+00) (0.000000e+00 0.000000e+00 0.000000e+00))
0.0726316    	((6.393632e+02 9.333923e+02 -1.694022e-17) (2.712760e+00 1.474293e+00 1.041122e-19) (0.000000e+00 0.000000e+00 0.000000e+00)) ((-3.733569e+02 2.557453e+02 3.451355e+03) (-5.897173e-01 1.085104e+00 2.165470e+00) (0.000000e+00 0.000000e+00 0.000000e+00))
0.0732895    	((6.382117e+02 9.330983e+02 -1.645754e-17) (2.679822e+00 1.474818e+00 1.033648e-19) (0.000000e+00 0.000000e+00 0.000000e+00)) ((-3.732393e+02 2.552847e+02 3.454317e+03) (-5.899273e-01 1.071929e+00 2.202870e+00) (0.000000e+00 0.000000e+00 0.000000e+00))
0.0739474    	((6.641889e+02 9.355547e+02 -1.626939e-17) (2.649072e+00 1.474275e+00 1.027281e-19) (0.000000e+00 0.000000e+00 0.000000e+00)) ((-3.742219e+02 2.656755e+02 3.480423e+03) (-5.897100e-01 1.059629e+00 2.233436e+00) (0.000000e+00 0.000000e+00 0.000000e+00))
0.0746053    	((6.534049e+02 9.323138e+02 -1.578162e-17) (2.620474e+00 1.472921e+00 1.023085e-19) (0.000000e+00 0.000000e+00 0.000000e+00)) ((-3.729255e+02 2.613620e+02 3.456068e+03) (-5.891685e-01 1.048190e+00 2.258071e+00) (0.000000e+00 0.000000e+00 0.000000e+00))
0.0752632    	((6.330396e+02 9.393366e+02 -1.499990e-17) (2.592550e+00 1.469960e+00 9.870319e-20) (0.000000e+00 0.000000e+00 0.000000e+00)) ((-3.757347e+02 2.532159e+02 3.513548e+03) (-5.879841e-01 1.037020e+00 2.276097e+00) (0.000000e+00 0.000000e+00 0.000000e+00))
0.0759211    	((6.502840e+02 9.403354e+02 -1.536249e-17) (2.564983e+00 1.466421e+00 1.001677e-19) (0.000000e+00 0.000000e+00 0.000000e+00)) ((-3.761342e+02 2.601136e+02 3.465439e+03) (-5.865684e-01 1.025993e+00 2.291611e+00) (0.000000e+00 0.000000e+00 0.000000e+00))
0.0765789    	((6.724068e+02 9.347513e+02 -1.498768e-17) (2.538799e+00 1.462321e+00 9.946676e-20) (0.000000e+00 0.000000e+00 0.000000e+00)) ((-3.739005e+02 2.689627e+02 3.481954e+03) (-5.849286e-01 1.015520e+00 2.303494e+00) (0.000000e+00 0.000000e+00 0.000000e+00))
0.0772368    	((6.836823e+02 9.393882e+02 -1.506214e-17) (2.513845e+00 1.458026e+00 9.905296e-20) (0.000000e+00 0.000000e+00 0.000000e+00)) ((-3.757553e+02 2.734729e+02 3.477428e+03) (-5.832105e-01 1.005538e+00 2.313304e+00) (0.000000e+00 0.000000e+00 0.000000e+00))
0.0778947    	((6.697226e+02 9.488911e+02 -1.434204e-17) (2.488935e+00 1.452604e+00 9.720070e-20) (0.000000e+00 0.000000e+00 0.000000e+00)) ((-3.795564e+02 2.678890e+02 3.498685e+03) (-5.810417e-01 9.955740e-01 2.319095e+00) (0.000000e+00 0.000000e+00 0.000000e+00))
0.0785526    	((6.773648e+02 9.517282e+02 -1.451780e-17) (2.464285e+00 1.445564e+00 9.769324e-20) (0.000000e+00 0.000000e+00 0.000000e+00)) ((-3.806913e+02 2.709459e+02 3.510122e+03) (-5.782257e-01 9.857139e-01 2.319149e+00) (0.000000e+00 0.000000e+00 0.000000e+00))
0.0792105    	((6.898382e+02 9.514928e+02 -1.451049e-17) (2.441679e+00 1.436511e+00 9.748177e-20) (0.000000e+00 0.000000e+00 0.000000e+00)) ((-3.805971e+02 2.759353e+02 3.479094e+03) (-5.746045e-01 9.766718e-01 2.309745e+00) (0.000000e+00 0.000000e+00 0.000000e+00))
0.0798684    	((7.085672e+02 9.536128e+02 -1.426929e-17) (2.419170e+00 1.425432e+00 9.753512e-20) (0.000000e+00 0.000000e+00 0.000000e+00)) ((-3.814451e+02 2.834269e+02 3.519409e+03) (-5.701726e-01 9.676681e-01 2.293577e+00) (0.000000e+00 0.000000e+00 0.000000e+00))
0.0805405    	((6.669957e+02 9.461193e+02 -1.553660e-17) (2.397906e+00 1.412578e+00 1.060395e-19) (0.000000e+00 0.000000e+00 0.000000e+00)) ((-3.784477e+02 2.667983e+02 3.455401e+03) (-5.650314e-01 9.591624e-01 2.269144e+00) (0.000000e+00 0.000000e+00 0.000000e+00))
0.0812162    	((7.231442e+02 9.127228e+02 -1.495586e-17) (2.376141e+00 1.398108e+00 1.047891e-19) (0.000000e+00 0.000000e+00 0.000000e+00)) ((-3.650891e+02 2.892577e+02 3.404818e+03) (-5.592433e-01 9.504564e-01 2.239337e+00) (0.000000e+00 0.000000e+00 0.000000e+00))
0.0818919    	((7.010430e+02 9.303359e+02 -1.301310e-17) (2.356586e+00 1.382354e+00 9.444142e-20) (0.000000e+00 0.000000e+00 0.000000e+00)) ((-3.721343e+02 2.804172e+02 3.404928e+03) (-5.529416e-01 9.426345e-01 2.202524e+00) (0.000000e+00 0.000000e+00 0.000000e+00))
0.0825676    	((7.011403e+02 9.444872e+02 -1.287948e-17) (2.337344e+00 1.365796e+00 9.471381e-20) (0.000000e+00 0.000000e+00 0.000000e+00)) ((-3.777949e+02 2.804561e+02 3.437856e+03) (-5.463183e-01 9.349378e-01 2.161928e+00) (0.000000e+00 0.000000e+00 0.000000e+00))
0.0832432    	((6.919981e+02 9.133164e+02 -1.323098e-17) (2.318172e+00 1.348878e+00 9.841386e-20) (0.000000e+00 0.000000e+00 0.000000e+00)) ((-3.653265e+02 2.767992e+02 3.375951e+03) (-5.395512e-01 9.272690e-01 2.119657e+00) (0.000000e+00 0.000000e+00 0.000000e+00))
0.0839189    	((7.021238e+02 9.121532e+02 -1.303553e-17) (2.298648e+00 1.332329e+00 9.784812e-20) (0.000000e+00 0.000000e+00 0.000000e+00)) ((-3.648613e+02 2.808495e+02 3.348915e+03) (-5.329315e-01 9.194594e-01 2.079409e+00) (0.000000e+00 0.000000e+00 0.000000e+00))
0.0845946    	((7.363704e+02 9.582977e+02 -1.317354e-17) (2.281112e+00 1.315931e+00 9.822151e-20) (0.000000e+00 0.000000e+00 0.000000e+00)) ((-3.833191e+02 2.945481e+02 3.426745e+03) (-5.263723e-01 9.124448e-01 2.037270e+00) (0.000000e+00 0.000000e+00 0.000000e+00))
0.0852703    	((6.632885e+02 9.212851e+02 -1.324241e-17) (2.260986e+00 1.301482e+00 1.017535e-19) (0.000000e+00 0.000000e+00 0.000000e+00)) ((-3.685140e+02 2.653154e+02 3.360194e+03) (-5.205928e-01 9.043943e-01 2.004280e+00) (0.000000e+00 0.000000e+00 0.000000e+00))
0.0859459    	((7.249180e+02 9.064998e+02 -1.363230e-17) (2.240281e+00 1.286736e+00 1.029919e-19) (0.000000e+00 0.000000e+00 0.000000e+00)) ((-3.625999e+02 2.899672e+02 3.311538e+03) (-5.146944e-01 8.961123e-01 1.972027e+00) (0.000000e+00 0.000000e+00 0.000000e+00))
0.0866216    	((7.138586e+02 9.121510e+02 -1.327475e-17) (2.220131e+00 1.273793e+00 1.027948e-19) (0.000000e+00 0.000000e+00 0.000000e+00)) ((-3.648604e+02 2.855434e+02 3.307667e+03) (-5.095173e-01 8.880525e-01 1.944550e+00) (0.000000e+00 0.000000e+00 0.000000e+00))
0.0872973    	((6.570546e+02 9.404542e+02 -1.210949e-17) (2.196322e+00 1.261519e+00 9.765285e-20) (0.000000e+00 0.000000e+00 0.000000e+00)) ((-3.761817e+02 2.628218e+02 3.373230e+03) (-5.046077e-01 8.785288e-01 1.924235e+00) (0.000000e+00 0.000000e+00 0.000000e+00))
0.087973     	((7.077742e+02 8.835095e+02 -1.187708e-17) (2.175416e+00 1.250686e+00 9.780621e-20) (0.000000e+00 0.000000e+00 0.000000e+00)) ((-3.534038e+02 2.831097e+02 3.234289e+03) (-5.002743e-01 8.701663e-01 1.905241e+00) (0.000000e+00 0.000000e+00 0.000000e+00))
0.0886486    	((6.765141e+02 9.257456e+02 -1.117193e-17) (2.152231e+00 1.240983e+00 9.512177e-20) (0.000000e+00 0.000000e+00 0.000000e+00)) ((-3.702983e+02 2.706056e+02 3.328279e+03) (-4.963934e-01 8.608925e-01 1.893723e+00) (0.000000e+00 0.000000e+00 0.000000e+00))
0.0893243    	((6.635521e+02 9.317394e+02 -1.075934e-17) (2.128224e+00 1.233002e+00 9.434899e-20) (0.000000e+00 0.000000e+00 0.000000e+00)) ((-3.726957e+02 2.654208e+02 3.340397e+03) (-4.932008e-01 8.512898e-01 1.888619e+00) (0.000000e+00 0.000000e+00 0.000000e+00))
0.09         	((6.539216e+02 9.224684e+02 -1.036436e-17) (2.103607e+00 1.226090e+00 9.407555e-20) (0.000000e+00 0.000000e+00 0.000000e+00)) ((-3.689873e+02 2.615686e+02 3.326790e+03) (-4.904361e-01 8.414429e-01 1.887677e+00) (0.000000e+00 0.000000e+00 0.000000e+00))
0.0906757    	((6.574027e+02 8.948057e+02 -1.012686e-17) (2.079793e+00 1.220295e+00 9.410460e-20) (0.000000e+00 0.000000e+00 0.000000e+00)) ((-3.579223e+02 2.629611e+02 3.253251e+03) (-4.881181e-01 8.319171e-01 1.890102e+00) (0.000000e+00 0.000000e+00 0.000000e+00))
0.0913514    	((6.729688e+02 8.801834e+02 -1.214153e-17) (2.056724e+00 1.215212e+00 1.067008e-19) (0.000000e+00 0.000000e+00 0.000000e+00)) ((-3.520733e+02 2.691875e+02 3.231161e+03) (-4.860849e-01 8.226898e-01 1.893491e+00) (0.000000e+00 0.000000e+00 0.000000e+00))
0.092027     	((6.060845e+02 9.105765e+02 -1.085421e-17) (2.032580e+00 1.210593e+00 1.009982e-19) (0.000000e+00 0.000000e+00 0.000000e+00)) ((-3.642306e+02 2.424338e+02 3.293486e+03) (-4.842373e-01 8.130319e-01 1.900513e+00) (0.000000e+00 0.000000e+00 0.000000e+00))
0.0927027    	((6.469934e+02 9.028694e+02 -6.584719e-18) (2.010363e+00 1.207234e+00 8.026688e-20) (0.000000e+00 0.000000e+00 0.000000e+00)) ((-3.611477e+02 2.587974e+02 3.279584e+03) (-4.828938e-01 8.041453e-01 1.908007e+00) (0.000000e+00 0.000000e+00 0.000000e+00))
0.0933784    	((6.156945e+02 9.783817e+02 -1.140504e-17) (1.988079e+00 1.203775e+00 1.060078e-19) (0.000000e+00 0.000000e+00 0.000000e+00)) ((-3.913527e+02 2.462778e+02 3.488505e+03) (-4.815099e-01 7.952315e-01 1.915981e+00) (0.000000e+00 0.000000e+00 0.000000e+00))
0.0940541    	((5.791418e+02 8.023035e+02 -6.989287e-18) (1.965662e+00 1.201518e+00 8.680001e-20) (0.000000e+00 0.000000e+00 0.000000e+00)) ((-3.209214e+02 2.316567e+02 3.049193e+03) (-4.806072e-01 7.862650e-01 1.927125e+00) (0.000000e+00 0.000000e+00 0.000000e+00))
0.0947297    	((5.896077e+02 8.249943e+02 -6.664375e-18) (1.943282e+00 1.198857e+00 8.598654e-20) (0.000000e+00 0.000000e+00 0.000000e+00)) ((-3.299977e+02 2.358431e+02 3.088665e+03) (-4.795428e-01 7.773129e-01 1.938261e+00) (0.000000e+00 0.000000e+00 0.000000e+00))
0.0954167    	((6.367896e+02 9.811110e+02 -6.764173e-18) (1.924940e+00 1.196648e+00 8.863074e-20) (0.000000e+00 0.000000e+00 0.000000e+00)) ((-3.924444e+02 2.547158e+02 3.494044e+03) (-4.786591e-01 7.699759e-01 1.943837e+00) (0.000000e+00 0.000000e+00 0.000000e+00))
0.0961111    	((5.472464e+02 9.103196e+02 -8.240577e-18) (1.902689e+00 1.194721e+00 1.000426e-19) (0.000000e+00 0.000000e+00 0.000000e+00)) ((-3.641279e+02 2.188985e+02 3.338510e+03) (-4.778883e-01 7.610755e-01 1.954991e+00) (0.000000e+00 0.000000e+00 0.000000e+00))
0.0968056    	((6.291699e+02 8.279663e+02 -4.958695e-18) (1.884116e+00 1.192159e+00 8.268718e-20) (0.000000e+00 0.000000e+00 0.000000e+00)) ((-3.311865e+02 2.516679e+02 3.126254e+03) (-4.768635e-01 7.536464e-01 1.960014e+00) (0.000000e+00 0.000000e+00 0.000000e+00))
0.0975       	((5.599187e+02 9.901652e+02 -4.104254e-18) (1.866716e+00 1.189394e+00 7.957424e-20) (0.000000e+00 0.000000e+00 0.000000e+00)) ((-3.960661e+02 2.239675e+02 3.537655e+03) (-4.757576e-01 7.466863e-01 1.962229e+00) (0.000000e+00 0.000000e+00 0.000000e+00))
0.0981944    	((5.316622e+02 8.904144e+02 -8.345757e-18) (1.847992e+00 1.187140e+00 1.053600e-19) (0.000000e+00 0.000000e+00 0.000000e+00)) ((-3.561658e+02 2.126649e+02 3.302536e+03) (-4.748561e-01 7.391966e-01 1.966628e+00) (0.000000e+00 0.000000e+00 0.000000e+00))
0.0988889    	((5.525106e+02 8.706312e+02 -3.494714e-18) (1.828689e+00 1.184856e+00 8.028479e-20) (0.000000e+00 0.000000e+00 0.000000e+00)) ((-3.482525e+02 2.210042e+02 3.237066e+03) (-4.739423e-01 7.314755e-01 1.973796e+00) (0.000000e+00 0.000000e+00 0.000000e+00))
0.0995833    	((5.192590e+02 9.676631e+02 -5.896934e-18) (1.810663e+00 1.183885e+00 9.562377e-20) (0.000000e+00 0.000000e+00 0.000000e+00)) ((-3.870652e+02 2.077036e+02 3.501748e+03) (-4.735542e-01 7.242652e-01 1.981746e+00) (0.000000e+00 0.000000e+00 0.000000e+00))
0.100278     	((5.219449e+02 9.439216e+02 -5.673684e-18) (1.789785e+00 1.183850e+00 9.482184e-20) (0.000000e+00 0.000000e+00 0.000000e+00)) ((-3.775686e+02 2.087780e+02 3.464459e+03) (-4.735398e-01 7.159140e-01 1.997417e+00) (0.000000e+00 0.000000e+00 0.000000e+00))
0.100972     	((5.760195e+02 8.203412e+02 -1.399938e-18) (1.770698e+00 1.184500e+00 7.438063e-20) (0.000000e+00 0.000000e+00 0.000000e+00)) ((-3.281365e+02 2.304078e+02 3.143827e+03) (-4.738002e-01 7.082793e-01 2.013642e+00) (0.000000e+00 0.000000e+00 0.000000e+00))
0.101667     	((4.857190e+02 1.102677e+03 -6.399513e-18) (1.750747e+00 1.186424e+00 1.013123e-19) (0.000000e+00 0.000000e+00 0.000000e+00)) ((-4.410708e+02 1.942876e+02 3.854347e+03) (-4.745695e-01 7.002987e-01 2.035291e+00) (0.000000e+00 0.000000e+00 0.000000e+00))
0.102361     	((5.519865e+02 8.152023e+02 -2.663040e-19) (1.730181e+00 1.188835e+00 7.010498e-20) (0.000000e+00 0.000000e+00 0.000000e+00)) ((-3.260809e+02 2.207946e+02 3.129134e+03) (-4.755339e-01 6.920724e-01 2.059582e+00) (0.000000e+00 0.000000e+00 0.000000e+00))
0.103056     	((4.537837e+02 1.107965e+03 -5.501204e-18) (1.709915e+00 1.192636e+00 1.007802e-19) (0.000000e+00 0.000000e+00 0.000000e+00)) ((-4.431862e+02 1.815135e+02 3.872791e+03) (-4.770542e-01 6.839660e-01 2.087813e+00) (0.000000e+00 0.000000e+00 0.000000e+00))
0.10375      	((5.373478e+02 7.889620e+02 -2.416259e-18) (1.689766e+00 1.196083e+00 8.580157e-20) (0.000000e+00 0.000000e+00 0.000000e+00)) ((-3.155848e+02 2.149391e+02 3.098355e+03) (-4.784334e-01 6.759063e-01 2.115117e+00) (0.000000e+00 0.000000e+00 0.000000e+00))
0.104444     	((4.746812e+02 9.460257e+02 -1.492785e-18) (1.670951e+00 1.200138e+00 8.201905e-20) (0.000000e+00 0.000000e+00 0.000000e+00)) ((-3.784103e+02 1.898725e+02 3.483267e+03) (-4.800550e-01 6.683806e-01 2.142869e+00) (0.000000e+00 0.000000e+00 0.000000e+00))
0.105139     	((4.817303e+02 9.776329e+02 -1.562588e-18) (1.650661e+00 1.203897e+00 8.197796e-20) (0.000000e+00 0.000000e+00 0.000000e+00)) ((-3.910532e+02 1.926921e+02 3.565400e+03) (-4.815588e-01 6.602644e-01 2.171444e+00) (0.000000e+00 0.000000e+00 0.000000e+00))
0.105837     	((5.035940e+02 9.932550e+02 -3.603261e-18) (1.633666e+00 1.207652e+00 9.436698e-20) (0.000000e+00 0.000000e+00 0.000000e+00)) ((-3.973020e+02 2.014376e+02 3.609606e+03) (-4.830609e-01 6.534666e-01 2.194561e+00) (0.000000e+00 0.000000e+00 0.000000e+00))
0.106531     	((4.912284e+02 9.417354e+02 -7.083487e-19) (1.614782e+00 1.210793e+00 7.945936e-20) (0.000000e+00 0.000000e+00 0.000000e+00)) ((-3.766942e+02 1.964914e+02 3.490641e+03) (-4.843172e-01 6.459130e-01 2.218775e+00) (0.000000e+00 0.000000e+00 0.000000e+00))
0.107225     	((4.934486e+02 9.651284e+02 -4.889750e-19) (1.598445e+00 1.213242e+00 7.979163e-20) (0.000000e+00 0.000000e+00 0.000000e+00)) ((-3.860514e+02 1.973795e+02 3.543278e+03) (-4.852967e-01 6.393780e-01 2.237223e+00) (0.000000e+00 0.000000e+00 0.000000e+00))
0.107919     	((4.983520e+02 1.010809e+03 -2.633669e-18) (1.582355e+00 1.215372e+00 9.106915e-20) (0.000000e+00 0.000000e+00 0.000000e+00)) ((-4.043237e+02 1.993408e+02 3.670799e+03) (-4.861489e-01 6.329421e-01 2.254199e+00) (0.000000e+00 0.000000e+00 0.000000e+00))
0.108612     	((4.835902e+02 9.960784e+02 -2.343897e-18) (1.567551e+00 1.217144e+00 9.017945e-20) (0.000000e+00 0.000000e+00 0.000000e+00)) ((-3.984314e+02 1.934361e+02 3.637451e+03) (-4.868576e-01 6.270203e-01 2.267795e+00) (0.000000e+00 0.000000e+00 0.000000e+00))
0.109306     	((5.081873e+02 9.548919e+02 -2.973436e-19) (1.550901e+00 1.218383e+00 7.918054e-20) (0.000000e+00 0.000000e+00 0.000000e+00)) ((-3.819567e+02 2.032749e+02 3.503697e+03) (-4.873533e-01 6.203604e-01 2.282937e+00) (0.000000e+00 0.000000e+00 0.000000e+00))
0.11         	((5.128041e+02 9.869735e+02 -4.013011e-19) (1.538088e+00 1.218926e+00 8.027012e-20) (0.000000e+00 0.000000e+00 0.000000e+00)) ((-3.947894e+02 2.051216e+02 3.637239e+03) (-4.875705e-01 6.152352e-01 2.290812e+00) (0.000000e+00 0.000000e+00 0.000000e+00))
0.110714     	((4.344503e+02 1.028312e+03 -2.711167e-18) (1.521523e+00 1.220026e+00 9.525629e-20) (0.000000e+00 0.000000e+00 0.000000e+00)) ((-4.113250e+02 1.737801e+02 3.739466e+03) (-4.880102e-01 6.086091e-01 2.304059e+00) (0.000000e+00 0.000000e+00 0.000000e+00))
0.111429     	((5.254424e+02 9.806662e+02 -4.089725e-19) (1.506834e+00 1.220133e+00 8.320446e-20) (0.000000e+00 0.000000e+00 0.000000e+00)) ((-3.922665e+02 2.101769e+02 3.649005e+03) (-4.880532e-01 6.027336e-01 2.312398e+00) (0.000000e+00 0.000000e+00 0.000000e+00))
0.112143     	((4.675222e+02 1.012177e+03 2.533038e-19) (1.493234e+00 1.219996e+00 8.000949e-20) (0.000000e+00 0.000000e+00 0.000000e+00)) ((-4.048709e+02 1.870089e+02 3.676167e+03) (-4.879986e-01 5.972938e-01 2.318594e+00) (0.000000e+00 0.000000e+00 0.000000e+00))
0.112857     	((4.790885e+02 1.062210e+03 -1.820439e-18) (1.477445e+00 1.220120e+00 9.352191e-20) (0.000000e+00 0.000000e+00 0.000000e+00)) ((-4.248840e+02 1.916354e+02 3.912804e+03) (-4.880482e-01 5.909782e-01 2.328821e+00) (0.000000e+00 0.000000e+00 0.000000e+00))
0.113571     	((4.817768e+02 1.056397e+03 -1.875092e-18) (1.462543e+00 1.219376e+00 9.194235e-20) (0.000000e+00 0.000000e+00 0.000000e+00)) ((-4.225587e+02 1.927107e+02 3.839665e+03) (-4.877506e-01 5.850170e-01 2.333963e+00) (0.000000e+00 0.000000e+00 0.000000e+00))
0.114286     	((4.586931e+02 1.026396e+03 1.287515e-18) (1.447367e+00 1.218775e+00 7.492239e-20) (0.000000e+00 0.000000e+00 0.000000e+00)) ((-4.105584e+02 1.834772e+02 3.700253e+03) (-4.875101e-01 5.789466e-01 2.341321e+00) (0.000000e+00 0.000000e+00 0.000000e+00))
0.115        	((5.091227e+02 1.059428e+03 7.625643e-19) (1.432638e+00 1.217145e+00 7.917160e-20) (0.000000e+00 0.000000e+00 0.000000e+00)) ((-4.237712e+02 2.036491e+02 3.878303e+03) (-4.868582e-01 5.730551e-01 2.344114e+00) (0.000000e+00 0.000000e+00 0.000000e+00))
0.115714     	((4.642853e+02 1.099422e+03 -1.405941e-18) (1.415931e+00 1.216138e+00 9.114317e-20) (0.000000e+00 0.000000e+00 0.000000e+00)) ((-4.397690e+02 1.857141e+02 3.918685e+03) (-4.864553e-01 5.663722e-01 2.350870e+00) (0.000000e+00 0.000000e+00 0.000000e+00))
0.116429     	((4.930657e+02 1.009214e+03 1.602286e-18) (1.400379e+00 1.213644e+00 7.518856e-20) (0.000000e+00 0.000000e+00 0.000000e+00)) ((-4.036854e+02 1.972263e+02 3.731619e+03) (-4.854576e-01 5.601514e-01 2.352435e+00) (0.000000e+00 0.000000e+00 0.000000e+00))
0.117143     	((4.694569e+02 1.290035e+03 -7.400572e-19) (1.383561e+00 1.211844e+00 8.838184e-20) (0.000000e+00 0.000000e+00 0.000000e+00)) ((-5.160140e+02 1.877827e+02 4.406842e+03) (-4.847378e-01 5.534245e-01 2.356446e+00) (0.000000e+00 0.000000e+00 0.000000e+00))
0.117857     	((4.803886e+02 1.010587e+03 -1.024411e-18) (1.365084e+00 1.209584e+00 8.984452e-20) (0.000000e+00 0.000000e+00 0.000000e+00)) ((-4.042349e+02 1.921555e+02 3.779013e+03) (-4.838335e-01 5.460334e-01 2.361376e+00) (0.000000e+00 0.000000e+00 0.000000e+00))
0.118571     	((4.948643e+02 1.070871e+03 2.042157e-18) (1.347291e+00 1.207512e+00 7.498644e-20) (0.000000e+00 0.000000e+00 0.000000e+00)) ((-4.283485e+02 1.979457e+02 3.880444e+03) (-4.830046e-01 5.389163e-01 2.366900e+00) (0.000000e+00 0.000000e+00 0.000000e+00))
0.119286     	((4.967977e+02 1.133372e+03 2.079218e-18) (1.329288e+00 1.204326e+00 7.392108e-20) (0.000000e+00 0.000000e+00 0.000000e+00)) ((-4.533488e+02 1.987191e+02 4.046322e+03) (-4.817304e-01 5.317151e-01 2.369184e+00) (0.000000e+00 0.000000e+00 0.000000e+00))
0.12         	((4.743047e+02 1.222771e+03 -6.798876e-19) (1.309227e+00 1.202198e+00 9.051989e-20) (0.000000e+00 0.000000e+00 0.000000e+00)) ((-4.891083e+02 1.897219e+02 4.302835e+03) (-4.808792e-01 5.236910e-01 2.376064e+00) (0.000000e+00 0.000000e+00 0.000000e+00))
0.120714     	((5.148105e+02 1.098610e+03 2.234733e-18) (1.289704e+00 1.198854e+00 7.377754e-20) (0.000000e+00 0.000000e+00 0.000000e+00)) ((-4.394440e+02 2.059242e+02 3.969659e+03) (-4.795416e-01 5.158817e-01 2.380422e+00) (0.000000e+00 0.000000e+00 0.000000e+00))
0.121429     	((5.047189e+02 1.129496e+03 2.502557e-18) (1.270611e+00 1.196054e+00 7.373644e-20) (0.000000e+00 0.000000e+00 0.000000e+00)) ((-4.517984e+02 2.018876e+02 4.046057e+03) (-4.784216e-01 5.082444e-01 2.385847e+00) (0.000000e+00 0.000000e+00 0.000000e+00))
0.122143     	((4.569088e+02 1.288997e+03 -1.766489e-18) (1.247616e+00 1.193498e+00 9.686310e-20) (0.000000e+00 0.000000e+00 0.000000e+00)) ((-5.155989e+02 1.827635e+02 4.466301e+03) (-4.773992e-01 4.990466e-01 2.394878e+00) (0.000000e+00 0.000000e+00 0.000000e+00))
0.122857     	((4.468119e+02 1.244791e+03 2.375629e-18) (1.228205e+00 1.190259e+00 7.428280e-20) (0.000000e+00 0.000000e+00 0.000000e+00)) ((-4.979164e+02 1.787248e+02 4.331248e+03) (-4.761037e-01 4.912821e-01 2.400056e+00) (0.000000e+00 0.000000e+00 0.000000e+00))
0.123571     	((5.080669e+02 1.210350e+03 1.330428e-18) (1.207625e+00 1.187421e+00 8.040965e-20) (0.000000e+00 0.000000e+00 0.000000e+00)) ((-4.841400e+02 2.032268e+02 4.284420e+03) (-4.749685e-01 4.830499e-01 2.407676e+00) (0.000000e+00 0.000000e+00 0.000000e+00))
0.124286     	((4.783191e+02 1.241152e+03 1.410351e-18) (1.187270e+00 1.184593e+00 7.940320e-20) (0.000000e+00 0.000000e+00 0.000000e+00)) ((-4.964607e+02 1.913276e+02 4.332092e+03) (-4.738372e-01 4.749080e-01 2.414912e+00) (0.000000e+00 0.000000e+00 0.000000e+00))
0.125        	((4.725807e+02 1.240786e+03 1.486782e-18) (1.164531e+00 1.181885e+00 8.022064e-20) (0.000000e+00 0.000000e+00 0.000000e+00)) ((-4.963142e+02 1.890323e+02 4.356971e+03) (-4.727539e-01 4.658123e-01 2.426119e+00) (0.000000e+00 0.000000e+00 0.000000e+00))
0.125714     	((5.046895e+02 1.271549e+03 1.144739e-18) (1.143539e+00 1.179580e+00 8.112155e-20) (0.000000e+00 0.000000e+00 0.000000e+00)) ((-5.086198e+02 2.018758e+02 4.471434e+03) (-4.718318e-01 4.574158e-01 2.436397e+00) (0.000000e+00 0.000000e+00 0.000000e+00))
0.126429     	((5.008845e+02 1.275267e+03 1.262932e-18) (1.122403e+00 1.177051e+00 8.074146e-20) (0.000000e+00 0.000000e+00 0.000000e+00)) ((-5.101070e+02 2.003538e+02 4.443679e+03) (-4.708203e-01 4.489611e-01 2.446710e+00) (0.000000e+00 0.000000e+00 0.000000e+00))
0.127143     	((4.957412e+02 1.286116e+03 1.435652e-18) (1.101535e+00 1.175220e+00 7.997148e-20) (0.000000e+00 0.000000e+00 0.000000e+00)) ((-5.144463e+02 1.982965e+02 4.490151e+03) (-4.700879e-01 4.406141e-01 2.459363e+00) (0.000000e+00 0.000000e+00 0.000000e+00))
0.127857     	((4.854154e+02 1.312779e+03 1.629044e-18) (1.080011e+00 1.173292e+00 7.840620e-20) (0.000000e+00 0.000000e+00 0.000000e+00)) ((-5.251117e+02 1.941662e+02 4.569947e+03) (-4.693168e-01 4.320045e-01 2.473278e+00) (0.000000e+00 0.000000e+00 0.000000e+00))
0.128571     	((4.833236e+02 1.320848e+03 1.791946e-18) (1.059285e+00 1.171533e+00 7.719408e-20) (0.000000e+00 0.000000e+00 0.000000e+00)) ((-5.283391e+02 1.933295e+02 4.582677e+03) (-4.686131e-01 4.237139e-01 2.486770e+00) (0.000000e+00 0.000000e+00 0.000000e+00))
0.129286     	((5.423124e+02 1.377643e+03 3.906670e-18) (1.038779e+00 1.169685e+00 6.597125e-20) (0.000000e+00 0.000000e+00 0.000000e+00)) ((-5.510573e+02 2.169249e+02 4.756548e+03) (-4.678741e-01 4.155116e-01 2.499949e+00) (0.000000e+00 0.000000e+00 0.000000e+00))
0.13         	((4.727266e+02 1.397507e+03 3.767128e-18) (1.019493e+00 1.168237e+00 6.665107e-20) (0.000000e+00 0.000000e+00 0.000000e+00)) ((-5.590027e+02 1.890906e+02 4.751741e+03) (-4.672947e-01 4.077971e-01 2.513747e+00) (0.000000e+00 0.000000e+00 0.000000e+00))
0.130714     	((4.853779e+02 1.372733e+03 4.951847e-19) (9.984229e-01 1.166736e+00 8.348532e-20) (0.000000e+00 0.000000e+00 0.000000e+00)) ((-5.490932e+02 1.941512e+02 4.759351e+03) (-4.666945e-01 3.993692e-01 2.529347e+00) (0.000000e+00 0.000000e+00 0.000000e+00))
0.131429     	((4.962513e+02 1.329136e+03 3.841238e-18) (9.792995e-01 1.164848e+00 6.596520e-20) (0.000000e+00 0.000000e+00 0.000000e+00)) ((-5.316542e+02 1.985005e+02 4.637426e+03) (-4.659394e-01 3.917198e-01 2.542565e+00) (0.000000e+00 0.000000e+00 0.000000e+00))
0.132143     	((5.289676e+02 1.514392e+03 1.791125e-18) (9.587015e-01 1.164180e+00 7.757243e-20) (0.000000e+00 0.000000e+00 0.000000e+00)) ((-6.057566e+02 2.115870e+02 5.107462e+03) (-4.656719e-01 3.834806e-01 2.561224e+00) (0.000000e+00 0.000000e+00 0.000000e+00))
0.132857     	((4.796584e+02 1.366621e+03 1.847406e-18) (9.402005e-01 1.162866e+00 7.460030e-20) (0.000000e+00 0.000000e+00 0.000000e+00)) ((-5.466484e+02 1.918634e+02 4.729981e+03) (-4.651465e-01 3.760802e-01 2.575371e+00) (0.000000e+00 0.000000e+00 0.000000e+00))
0.133571     	((4.637265e+02 1.356794e+03 2.389679e-18) (9.184617e-01 1.161968e+00 7.355308e-20) (0.000000e+00 0.000000e+00 0.000000e+00)) ((-5.427177e+02 1.854906e+02 4.707269e+03) (-4.647873e-01 3.673847e-01 2.595748e+00) (0.000000e+00 0.000000e+00 0.000000e+00))
0.134286     	((5.254656e+02 1.489808e+03 2.088242e-18) (8.974471e-01 1.161426e+00 7.441560e-20) (0.000000e+00 0.000000e+00 0.000000e+00)) ((-5.959234e+02 2.101863e+02 5.060450e+03) (-4.645706e-01 3.589789e-01 2.616815e+00) (0.000000e+00 0.000000e+00 0.000000e+00))
0.135        	((5.154096e+02 1.495847e+03 2.175422e-18) (8.773976e-01 1.161377e+00 7.311881e-20) (0.000000e+00 0.000000e+00 0.000000e+00)) ((-5.983386e+02 2.061639e+02 5.074005e+03) (-4.645509e-01 3.509591e-01 2.637651e+00) (0.000000e+00 0.000000e+00 0.000000e+00))
0.135714     	((4.667785e+02 1.469377e+03 3.006602e-18) (8.535920e-01 1.160747e+00 6.872953e-20) (0.000000e+00 0.000000e+00 0.000000e+00)) ((-5.877507e+02 1.867114e+02 4.986370e+03) (-4.642987e-01 3.414368e-01 2.663478e+00) (0.000000e+00 0.000000e+00 0.000000e+00))
0.136429     	((5.281090e+02 1.487513e+03 2.722715e-18) (8.326445e-01 1.161919e+00 7.105607e-20) (0.000000e+00 0.000000e+00 0.000000e+00)) ((-5.950052e+02 2.112436e+02 5.080322e+03) (-4.647678e-01 3.330578e-01 2.689634e+00) (0.000000e+00 0.000000e+00 0.000000e+00))
0.137143     	((5.166447e+02 1.511924e+03 2.676304e-18) (8.104096e-01 1.162349e+00 6.791112e-20) (0.000000e+00 0.000000e+00 0.000000e+00)) ((-6.047695e+02 2.066579e+02 5.086517e+03) (-4.649396e-01 3.241638e-01 2.716569e+00) (0.000000e+00 0.000000e+00 0.000000e+00))
0.137857     	((4.876751e+02 1.532326e+03 2.823433e-18) (7.848609e-01 1.163103e+00 6.888688e-20) (0.000000e+00 0.000000e+00 0.000000e+00)) ((-6.129302e+02 1.950700e+02 5.183061e+03) (-4.652411e-01 3.139443e-01 2.748688e+00) (0.000000e+00 0.000000e+00 0.000000e+00))
0.138571     	((4.886264e+02 1.534030e+03 2.979840e-18) (7.573926e-01 1.165652e+00 6.859409e-20) (0.000000e+00 0.000000e+00 0.000000e+00)) ((-6.136122e+02 1.954506e+02 5.201073e+03) (-4.662609e-01 3.029570e-01 2.788813e+00) (0.000000e+00 0.000000e+00 0.000000e+00))
0.139229     	((5.418686e+02 1.578833e+03 2.422858e-18) (7.311972e-01 1.166894e+00 6.458446e-20) (0.000000e+00 0.000000e+00 0.000000e+00)) ((-6.315333e+02 2.167474e+02 5.278939e+03) (-4.667576e-01 2.924789e-01 2.825173e+00) (0.000000e+00 0.000000e+00 0.000000e+00))
0.139871     	((4.992039e+02 1.574679e+03 4.722137e-18) (7.052342e-01 1.169868e+00 5.495405e-20) (0.000000e+00 0.000000e+00 0.000000e+00)) ((-6.298714e+02 1.996815e+02 5.261421e+03) (-4.679470e-01 2.820937e-01 2.865126e+00) (0.000000e+00 0.000000e+00 0.000000e+00))
0.140568     	((5.173576e+02 1.553436e+03 1.269666e-18) (6.694899e-01 1.172775e+00 7.558328e-20) (0.000000e+00 0.000000e+00 0.000000e+00)) ((-6.213745e+02 2.069431e+02 5.302439e+03) (-4.691099e-01 2.677959e-01 2.917927e+00) (0.000000e+00 0.000000e+00 0.000000e+00))
0.141278     	((5.060240e+02 1.560672e+03 1.402462e-18) (6.331425e-01 1.177298e+00 7.489137e-20) (0.000000e+00 0.000000e+00 0.000000e+00)) ((-6.242688e+02 2.024096e+02 5.265824e+03) (-4.709192e-01 2.532570e-01 2.975357e+00) (0.000000e+00 0.000000e+00 0.000000e+00))
0.141988     	((4.442744e+02 1.659194e+03 2.063174e-18) (5.891179e-01 1.182638e+00 6.844315e-20) (0.000000e+00 0.000000e+00 0.000000e+00)) ((-6.636776e+02 1.777098e+02 5.510446e+03) (-4.730554e-01 2.356472e-01 3.045784e+00) (0.000000e+00 0.000000e+00 0.000000e+00))
0.14269      	((5.285131e+02 1.632002e+03 2.277562e-18) (5.483533e-01 1.187879e+00 6.666614e-20) (0.000000e+00 0.000000e+00 0.000000e+00)) ((-6.528010e+02 2.114053e+02 5.460119e+03) (-4.751518e-01 2.193413e-01 3.111565e+00) (0.000000e+00 0.000000e+00 0.000000e+00))
0.143376     	((4.876079e+02 1.628156e+03 5.249361e-18) (5.047006e-01 1.194103e+00 5.234383e-20) (0.000000e+00 0.000000e+00 0.000000e+00)) ((-6.512624e+02 1.950432e+02 5.424490e+03) (-4.776413e-01 2.018802e-01 3.185430e+00) (0.000000e+00 0.000000e+00 0.000000e+00))
0.144052     	((5.469996e+02 1.661619e+03 2.908677e-19) (4.605202e-01 1.200465e+00 7.608821e-20) (0.000000e+00 0.000000e+00 0.000000e+00)) ((-6.646474e+02 2.187998e+02 5.565906e+03) (-4.801861e-01 1.842081e-01 3.259299e+00) (0.000000e+00 0.000000e+00 0.000000e+00))
0.144729     	((4.845581e+02 1.650049e+03 5.985555e-19) (4.157040e-01 1.206950e+00 7.277283e-20) (0.000000e+00 0.000000e+00 0.000000e+00)) ((-6.600198e+02 1.938232e+02 5.485938e+03) (-4.827800e-01 1.662816e-01 3.335539e+00) (0.000000e+00 0.000000e+00 0.000000e+00))
0.145417     	((4.765793e+02 1.657174e+03 4.167466e-18) (3.694040e-01 1.214302e+00 5.682452e-20) (0.000000e+00 0.000000e+00 0.000000e+00)) ((-6.628694e+02 1.906317e+02 5.539768e+03) (-4.857208e-01 1.477616e-01 3.415404e+00) (0.000000e+00 0.000000e+00 0.000000e+00))
0.146111     	((5.793607e+02 1.683636e+03 1.118886e-19) (3.237081e-01 1.220936e+00 7.577054e-20) (0.000000e+00 0.000000e+00 0.000000e+00)) ((-6.734545e+02 2.317443e+02 5.600930e+03) (-4.883744e-01 1.294833e-01 3.493218e+00) (0.000000e+00 0.000000e+00 0.000000e+00))
0.146806     	((5.049251e+02 1.738693e+03 5.497923e-19) (2.809089e-01 1.228667e+00 7.202976e-20) (0.000000e+00 0.000000e+00 0.000000e+00)) ((-6.954770e+02 2.019700e+02 5.688519e+03) (-4.914668e-01 1.123636e-01 3.570860e+00) (0.000000e+00 0.000000e+00 0.000000e+00))
0.1475       	((4.628784e+02 1.655178e+03 4.439105e-18) (2.364587e-01 1.234833e+00 5.410965e-20) (0.000000e+00 0.000000e+00 0.000000e+00)) ((-6.620712e+02 1.851514e+02 5.562083e+03) (-4.939331e-01 9.458347e-02 3.647213e+00) (0.000000e+00 0.000000e+00 0.000000e+00))
0.148194     	((5.272436e+02 1.717069e+03 3.898399e-18) (1.943884e-01 1.242899e+00 5.557955e-20) (0.000000e+00 0.000000e+00 0.000000e+00)) ((-6.868277e+02 2.108975e+02 5.689927e+03) (-4.971595e-01 7.775535e-02 3.724486e+00) (0.000000e+00 0.000000e+00 0.000000e+00))
0.148889     	((5.107827e+02 1.809289e+03 4.468604e-21) (1.575514e-01 1.249674e+00 7.397682e-20) (0.000000e+00 0.000000e+00 0.000000e+00)) ((-7.237157e+02 2.043131e+02 5.876951e+03) (-4.998698e-01 6.302056e-02 3.792885e+00) (0.000000e+00 0.000000e+00 0.000000e+00))
0.149583     	((4.822744e+02 1.598697e+03 2.855886e-18) (1.180984e-01 1.255242e+00 5.941862e-20) (0.000000e+00 0.000000e+00 0.000000e+00)) ((-6.394787e+02 1.929098e+02 5.384582e+03) (-5.020970e-01 4.723938e-02 3.862596e+00) (0.000000e+00 0.000000e+00 0.000000e+00))
0.150106     	((6.701455e+02 1.939675e+03 8.521928e-18) (9.864497e-02 1.261497e+00 2.348727e-20) (0.000000e+00 0.000000e+00 0.000000e+00)) ((-7.758698e+02 2.680582e+02 6.098111e+03) (-5.045988e-01 3.945799e-02 3.907301e+00) (0.000000e+00 0.000000e+00 0.000000e+00))
0.150768     	((4.808328e+02 1.622136e+03 5.084373e-19) (6.242506e-02 1.266196e+00 7.130737e-20) (0.000000e+00 0.000000e+00 0.000000e+00)) ((-6.488545e+02 1.923331e+02 5.505613e+03) (-5.064783e-01 2.497002e-02 3.970201e+00) (0.000000e+00 0.000000e+00 0.000000e+00))
0.151451     	((5.137851e+02 1.692591e+03 1.904228e-19) (3.000813e-02 1.272687e+00 6.986778e-20) (0.000000e+00 0.000000e+00 0.000000e+00)) ((-6.770363e+02 2.055140e+02 5.604908e+03) (-5.090750e-01 1.200325e-02 4.033976e+00) (0.000000e+00 0.000000e+00 0.000000e+00))
0.152133     	((5.059271e+02 1.891440e+03 2.636110e-18) (6.470796e-04 1.278298e+00 5.687375e-20) (0.000000e+00 0.000000e+00 0.000000e+00)) ((-7.565762e+02 2.023708e+02 6.092949e+03) (-5.113192e-01 2.588318e-04 4.091023e+00) (0.000000e+00 0.000000e+00 0.000000e+00))
0.152816     	((5.057974e+02 1.870338e+03 2.550691e-18) (-2.838471e-02 1.284974e+00 5.698411e-20) (0.000000e+00 0.000000e+00 0.000000e+00)) ((-7.481352e+02 2.023190e+02 6.065772e+03) (-5.139898e-01 -1.135388e-02 4.149806e+00) (0.000000e+00 0.000000e+00 0.000000e+00))
0.153498     	((4.920091e+02 1.507370e+03 -7.376111e-19) (-5.373402e-02 1.289596e+00 7.411042e-20) (0.000000e+00 0.000000e+00 0.000000e+00)) ((-6.029480e+02 1.968036e+02 5.168410e+03) (-5.158384e-01 -2.149361e-02 4.201636e+00) (0.000000e+00 0.000000e+00 0.000000e+00))
0.154181     	((4.652474e+02 2.180660e+03 2.631242e-18) (-8.011027e-02 1.296564e+00 5.467739e-20) (0.000000e+00 0.000000e+00 0.000000e+00)) ((-8.722638e+02 1.860990e+02 6.842780e+03) (-5.186256e-01 -3.204411e-02 4.258558e+00) (0.000000e+00 0.000000e+00 0.000000e+00))
0.154863     	((5.285243e+02 1.722589e+03 2.154023e-18) (-1.021884e-01 1.301992e+00 5.798036e-20) (0.000000e+00 0.000000e+00 0.000000e+00)) ((-6.890355e+02 2.114097e+02 5.698838e+03) (-5.207968e-01 -4.087536e-02 4.307128e+00) (0.000000e+00 0.000000e+00 0.000000e+00))
0.155541     	((5.206202e+02 1.702545e+03 2.014356e-18) (-1.230629e-01 1.307308e+00 5.751394e-20) (0.000000e+00 0.000000e+00 0.000000e+00)) ((-6.810178e+02 2.082481e+02 5.622270e+03) (-5.229231e-01 -4.922518e-02 4.356088e+00) (0.000000e+00 0.000000e+00 0.000000e+00))
0.156216     	((4.322596e+02 1.851963e+03 -9.967638e-20) (-1.440763e-01 1.312507e+00 6.739643e-20) (0.000000e+00 0.000000e+00 0.000000e+00)) ((-7.407854e+02 1.729038e+02 6.022696e+03) (-5.250030e-01 -5.763050e-02 4.404041e+00) (0.000000e+00 0.000000e+00 0.000000e+00))
0.156892     	((5.484846e+02 1.847183e+03 1.829412e-18) (-1.615533e-01 1.317441e+00 5.657422e-20) (0.000000e+00 0.000000e+00 0.000000e+00)) ((-7.388733e+02 2.193938e+02 5.983757e+03) (-5.269762e-01 -6.462132e-02 4.446176e+00) (0.000000e+00 0.000000e+00 0.000000e+00))
0.157568     	((4.953035e+02 1.785062e+03 2.594481e-18) (-1.779224e-01 1.321352e+00 5.291211e-20) (0.000000e+00 0.000000e+00 0.000000e+00)) ((-7.140246e+02 1.981214e+02 5.832215e+03) (-5.285409e-01 -7.116895e-02 4.486670e+00) (0.000000e+00 0.000000e+00 0.000000e+00))
0.158243     	((4.732378e+02 1.805724e+03 2.163287e-18) (-1.944333e-01 1.326788e+00 5.578041e-20) (0.000000e+00 0.000000e+00 0.000000e+00)) ((-7.222895e+02 1.892951e+02 5.904905e+03) (-5.307150e-01 -7.777331e-02 4.530131e+00) (0.000000e+00 0.000000e+00 0.000000e+00))
0.158919     	((5.152894e+02 1.911941e+03 -1.269194e-18) (-2.087721e-01 1.330358e+00 7.040714e-20) (0.000000e+00 0.000000e+00 0.000000e+00)) ((-7.647763e+02 2.061158e+02 6.133818e+03) (-5.321434e-01 -8.350882e-02 4.566441e+00) (0.000000e+00 0.000000e+00 0.000000e+00))
0.159595     	((4.467177e+02 1.789876e+03 2.229927e-18) (-2.235875e-01 1.335781e+00 5.392000e-20) (0.000000e+00 0.000000e+00 0.000000e+00)) ((-7.159506e+02 1.786871e+02 5.878738e+03) (-5.343124e-01 -8.943500e-02 4.609107e+00) (0.000000e+00 0.000000e+00 0.000000e+00))
0.160278     	((4.994583e+02 1.816228e+03 2.267628e-18) (-2.376014e-01 1.339508e+00 5.338287e-20) (0.000000e+00 0.000000e+00 0.000000e+00)) ((-7.264913e+02 1.997833e+02 5.903189e+03) (-5.358031e-01 -9.504057e-02 4.646666e+00) (0.000000e+00 0.000000e+00 0.000000e+00))
0.160972     	((4.605233e+02 1.890152e+03 -1.900994e-18) (-2.492611e-01 1.344023e+00 7.348896e-20) (0.000000e+00 0.000000e+00 0.000000e+00)) ((-7.560609e+02 1.842093e+02 6.069797e+03) (-5.376093e-01 -9.970445e-02 4.683291e+00) (0.000000e+00 0.000000e+00 0.000000e+00))
0.161667     	((4.497234e+02 1.885491e+03 -1.233661e-18) (-2.622221e-01 1.348844e+00 7.140782e-20) (0.000000e+00 0.000000e+00 0.000000e+00)) ((-7.541964e+02 1.798893e+02 6.091892e+03) (-5.395375e-01 -1.048888e-01 4.720970e+00) (0.000000e+00 0.000000e+00 0.000000e+00))
0.162361     	((5.160849e+02 1.805237e+03 2.276322e-18) (-2.735877e-01 1.351951e+00 5.288239e-20) (0.000000e+00 0.000000e+00 0.000000e+00)) ((-7.220947e+02 2.064340e+02 5.900575e+03) (-5.407803e-01 -1.094351e-01 4.755357e+00) (0.000000e+00 0.000000e+00 0.000000e+00))
0.163056     	((4.542664e+02 1.994391e+03 -1.706288e-19) (-2.842064e-01 1.356086e+00 6.460184e-20) (0.000000e+00 0.000000e+00 0.000000e+00)) ((-7.977565e+02 1.817066e+02 6.318600e+03) (-5.424343e-01 -1.136826e-01 4.790210e+00) (0.000000e+00 0.000000e+00 0.000000e+00))
0.16375      	((4.650196e+02 1.973022e+03 -5.002221e-19) (-2.958432e-01 1.360681e+00 6.602996e-20) (0.000000e+00 0.000000e+00 0.000000e+00)) ((-7.892089e+02 1.860078e+02 6.320266e+03) (-5.442722e-01 -1.183373e-01 4.826069e+00) (0.000000e+00 0.000000e+00 0.000000e+00))
0.164444     	((5.219284e+02 1.783781e+03 1.048755e-18) (-3.014255e-01 1.364333e+00 5.830618e-20) (0.000000e+00 0.000000e+00 0.000000e+00)) ((-7.135123e+02 2.087714e+02 5.787074e+03) (-5.457334e-01 -1.205702e-01 4.854108e+00) (0.000000e+00 0.000000e+00 0.000000e+00))
0.165139     	((4.561481e+02 1.901999e+03 1.241454e-18) (-3.112123e-01 1.368205e+00 5.670661e-20) (0.000000e+00 0.000000e+00 0.000000e+00)) ((-7.607995e+02 1.824592e+02 6.109481e+03) (-5.472820e-01 -1.244849e-01 4.887191e+00) (0.000000e+00 0.000000e+00 0.000000e+00))
0.165833     	((5.088611e+02 1.999106e+03 2.401669e-19) (-3.180492e-01 1.371922e+00 6.095029e-20) (0.000000e+00 0.000000e+00 0.000000e+00)) ((-7.996425e+02 2.035444e+02 6.386910e+03) (-5.487690e-01 -1.272197e-01 4.916034e+00) (0.000000e+00 0.000000e+00 0.000000e+00))
0.166528     	((4.404399e+02 1.815667e+03 -1.932976e-18) (-3.255032e-01 1.376850e+00 7.254581e-20) (0.000000e+00 0.000000e+00 0.000000e+00)) ((-7.262669e+02 1.761760e+02 5.884719e+03) (-5.507399e-01 -1.302013e-01 4.948877e+00) (0.000000e+00 0.000000e+00 0.000000e+00))
0.167222     	((4.818588e+02 1.922715e+03 1.029216e-18) (-3.323688e-01 1.379364e+00 5.678574e-20) (0.000000e+00 0.000000e+00 0.000000e+00)) ((-7.690860e+02 1.927435e+02 6.172433e+03) (-5.517456e-01 -1.329475e-01 4.975230e+00) (0.000000e+00 0.000000e+00 0.000000e+00))
0.167917     	((4.913305e+02 1.929774e+03 1.063494e-18) (-3.384855e-01 1.383435e+00 5.673461e-20) (0.000000e+00 0.000000e+00 0.000000e+00)) ((-7.719094e+02 1.965322e+02 6.183595e+03) (-5.533741e-01 -1.353942e-01 5.004523e+00) (0.000000e+00 0.000000e+00 0.000000e+00))
0.168611     	((4.897221e+02 1.949720e+03 8.759297e-19) (-3.417027e-01 1.387396e+00 5.785934e-20) (0.000000e+00 0.000000e+00 0.000000e+00)) ((-7.798880e+02 1.958888e+02 6.233122e+03) (-5.549582e-01 -1.366811e-01 5.028794e+00) (0.000000e+00 0.000000e+00 0.000000e+00))
0.169306     	((4.608961e+02 2.047553e+03 -2.292172e-18) (-3.480737e-01 1.391781e+00 7.380785e-20) (0.000000e+00 0.000000e+00 0.000000e+00)) ((-8.190213e+02 1.843584e+02 6.487283e+03) (-5.567123e-01 -1.392295e-01 5.059088e+00) (0.000000e+00 0.000000e+00 0.000000e+00))
0.17         	((4.823904e+02 1.786396e+03 1.994393e-18) (-3.514056e-01 1.394113e+00 5.356122e-20) (0.000000e+00 0.000000e+00 0.000000e+00)) ((-7.145585e+02 1.929561e+02 5.828443e+03) (-5.576453e-01 -1.405622e-01 5.080196e+00) (0.000000e+00 0.000000e+00 0.000000e+00))
0.170714     	((4.852658e+02 2.283249e+03 -1.182409e-18) (-3.548096e-01 1.398576e+00 6.727401e-20) (0.000000e+00 0.000000e+00 0.000000e+00)) ((-9.132996e+02 1.941063e+02 7.080002e+03) (-5.594304e-01 -1.419238e-01 5.107199e+00) (0.000000e+00 0.000000e+00 0.000000e+00))
0.171429     	((4.532687e+02 1.938716e+03 -1.150324e-18) (-3.584761e-01 1.402577e+00 6.990531e-20) (0.000000e+00 0.000000e+00 0.000000e+00)) ((-7.754863e+02 1.813075e+02 6.227518e+03) (-5.610310e-01 -1.433904e-01 5.132372e+00) (0.000000e+00 0.000000e+00 0.000000e+00))
0.172143     	((4.512947e+02 1.836482e+03 -1.343196e-18) (-3.615861e-01 1.406375e+00 7.115693e-20) (0.000000e+00 0.000000e+00 0.000000e+00)) ((-7.345929e+02 1.805179e+02 5.974991e+03) (-5.625499e-01 -1.446344e-01 5.157589e+00) (0.000000e+00 0.000000e+00 0.000000e+00))
0.172857     	((4.825416e+02 2.144509e+03 -9.766930e-19) (-3.633635e-01 1.410310e+00 6.816087e-20) (0.000000e+00 0.000000e+00 0.000000e+00)) ((-8.578037e+02 1.930167e+02 6.734985e+03) (-5.641240e-01 -1.453454e-01 5.180122e+00) (0.000000e+00 0.000000e+00 0.000000e+00))
0.173571     	((4.628438e+02 2.006538e+03 1.432193e-18) (-3.661301e-01 1.414118e+00 5.634081e-20) (0.000000e+00 0.000000e+00 0.000000e+00)) ((-8.026154e+02 1.851375e+02 6.379933e+03) (-5.656472e-01 -1.464520e-01 5.205287e+00) (0.000000e+00 0.000000e+00 0.000000e+00))
0.174286     	((4.809431e+02 1.911140e+03 -1.226337e-18) (-3.659720e-01 1.417615e+00 7.113609e-20) (0.000000e+00 0.000000e+00 0.000000e+00)) ((-7.644560e+02 1.923772e+02 6.130331e+03) (-5.670460e-01 -1.463888e-01 5.224634e+00) (0.000000e+00 0.000000e+00 0.000000e+00))
0.174929     	((6.128324e+02 2.538293e+03 1.222033e-17) (-3.656322e-01 1.421924e+00 -3.737020e-21) (0.000000e+00 0.000000e+00 0.000000e+00)) ((-1.015317e+03 2.451329e+02 7.488900e+03) (-5.687694e-01 -1.462529e-01 5.245589e+00) (0.000000e+00 0.000000e+00 0.000000e+00))
0.175419     	((4.769294e+02 1.877185e+03 -3.991433e-19) (-3.610157e-01 1.424399e+00 6.072893e-20) (0.000000e+00 0.000000e+00 0.000000e+00)) ((-7.508739e+02 1.907718e+02 6.059489e+03) (-5.697594e-01 -1.444063e-01 5.253812e+00) (0.000000e+00 0.000000e+00 0.000000e+00))
0.176127     	((4.208323e+02 1.915137e+03 -2.327654e-18) (-3.641183e-01 1.427475e+00 7.797226e-20) (0.000000e+00 0.000000e+00 0.000000e+00)) ((-7.660549e+02 1.683329e+02 6.202567e+03) (-5.709899e-01 -1.456473e-01 5.276950e+00) (0.000000e+00 0.000000e+00 0.000000e+00))
0.176845     	((4.397914e+02 2.010403e+03 -2.597898e-18) (-3.655771e-01 1.431969e+00 7.950764e-20) (0.000000e+00 0.000000e+00 0.000000e+00)) ((-8.041611e+02 1.759166e+02 6.392793e+03) (-5.727875e-01 -1.462308e-01 5.300913e+00) (0.000000e+00 0.000000e+00 0.000000e+00))
0.177562     	((4.700551e+02 2.162134e+03 2.015477e-19) (-3.627826e-01 1.436921e+00 6.452360e-20) (0.000000e+00 0.000000e+00 0.000000e+00)) ((-8.648535e+02 1.880220e+02 6.779594e+03) (-5.747682e-01 -1.451130e-01 5.319277e+00) (0.000000e+00 0.000000e+00 0.000000e+00))
0.178279     	((4.031383e+02 1.856212e+03 -2.346284e-18) (-3.642791e-01 1.439754e+00 7.956624e-20) (0.000000e+00 0.000000e+00 0.000000e+00)) ((-7.424850e+02 1.612553e+02 5.995746e+03) (-5.759014e-01 -1.457116e-01 5.340756e+00) (0.000000e+00 0.000000e+00 0.000000e+00))
0.178996     	((4.630582e+02 2.150707e+03 -2.626902e-18) (-3.624969e-01 1.444535e+00 8.025291e-20) (0.000000e+00 0.000000e+00 0.000000e+00)) ((-8.602829e+02 1.852233e+02 6.770702e+03) (-5.778141e-01 -1.449987e-01 5.360639e+00) (0.000000e+00 0.000000e+00 0.000000e+00))
0.179713     	((4.217333e+02 2.048334e+03 3.078982e-18) (-3.606317e-01 1.448949e+00 4.972653e-20) (0.000000e+00 0.000000e+00 0.000000e+00)) ((-8.193335e+02 1.686933e+02 6.462653e+03) (-5.795795e-01 -1.442527e-01 5.379721e+00) (0.000000e+00 0.000000e+00 0.000000e+00))
0.180429     	((4.545882e+02 2.033772e+03 -1.759457e-18) (-3.593529e-01 1.453765e+00 7.602107e-20) (0.000000e+00 0.000000e+00 0.000000e+00)) ((-8.135087e+02 1.818353e+02 6.480802e+03) (-5.815061e-01 -1.437412e-01 5.400350e+00) (0.000000e+00 0.000000e+00 0.000000e+00))
0.181147     	((3.943144e+02 1.990688e+03 -1.450711e-18) (-3.570258e-01 1.457096e+00 7.523159e-20) (0.000000e+00 0.000000e+00 0.000000e+00)) ((-7.962751e+02 1.577258e+02 6.340547e+03) (-5.828384e-01 -1.428103e-01 5.417212e+00) (0.000000e+00 0.000000e+00 0.000000e+00))
0.18186      	((4.743608e+02 2.126639e+03 -2.033795e-18) (-3.558814e-01 1.462086e+00 7.733600e-20) (0.000000e+00 0.000000e+00 0.000000e+00)) ((-8.506555e+02 1.897443e+02 6.712876e+03) (-5.848344e-01 -1.423526e-01 5.437674e+00) (0.000000e+00 0.000000e+00 0.000000e+00))
0.182574     	((4.552731e+02 2.098092e+03 7.309121e-20) (-3.512884e-01 1.465747e+00 6.729726e-20) (0.000000e+00 0.000000e+00 0.000000e+00)) ((-8.392369e+02 1.821092e+02 6.629805e+03) (-5.862986e-01 -1.405154e-01 5.451431e+00) (0.000000e+00 0.000000e+00 0.000000e+00))
0.183287     	((3.909631e+02 1.920220e+03 -2.014595e-18) (-3.483257e-01 1.469941e+00 7.997521e-20) (0.000000e+00 0.000000e+00 0.000000e+00)) ((-7.680879e+02 1.563852e+02 6.158534e+03) (-5.879764e-01 -1.393303e-01 5.468276e+00) (0.000000e+00 0.000000e+00 0.000000e+00))
0.184001     	((4.203181e+02 2.163400e+03 -2.368963e-18) (-3.458125e-01 1.474028e+00 8.052879e-20) (0.000000e+00 0.000000e+00 0.000000e+00)) ((-8.653599e+02 1.681272e+02 6.817942e+03) (-5.896112e-01 -1.383250e-01 5.485642e+00) (0.000000e+00 0.000000e+00 0.000000e+00))
0.184715     	((4.214066e+02 2.127715e+03 -2.171135e-19) (-3.416040e-01 1.478442e+00 6.997350e-20) (0.000000e+00 0.000000e+00 0.000000e+00)) ((-8.510862e+02 1.685627e+02 6.714179e+03) (-5.913767e-01 -1.366416e-01 5.500032e+00) (0.000000e+00 0.000000e+00 0.000000e+00))
0.185433     	((4.100515e+02 1.998694e+03 -1.210731e-19) (-3.391632e-01 1.481915e+00 7.047244e-20) (0.000000e+00 0.000000e+00 0.000000e+00)) ((-7.994777e+02 1.640206e+02 6.386816e+03) (-5.927661e-01 -1.356653e-01 5.516555e+00) (0.000000e+00 0.000000e+00 0.000000e+00))
0.186151     	((4.123540e+02 2.005595e+03 -5.488974e-19) (-3.338743e-01 1.486025e+00 7.224668e-20) (0.000000e+00 0.000000e+00 0.000000e+00)) ((-8.022380e+02 1.649416e+02 6.396865e+03) (-5.944098e-01 -1.335497e-01 5.529636e+00) (0.000000e+00 0.000000e+00 0.000000e+00))
0.186869     	((3.776141e+02 2.154129e+03 -3.930290e-18) (-3.310905e-01 1.489694e+00 8.790021e-20) (0.000000e+00 0.000000e+00 0.000000e+00)) ((-8.616515e+02 1.510457e+02 6.777355e+03) (-5.958778e-01 -1.324362e-01 5.545372e+00) (0.000000e+00 0.000000e+00 0.000000e+00))
0.187581     	((4.573073e+02 1.863127e+03 3.403587e-18) (-3.270208e-01 1.494256e+00 5.180552e-20) (0.000000e+00 0.000000e+00 0.000000e+00)) ((-7.452507e+02 1.829229e+02 6.030156e+03) (-5.977022e-01 -1.308083e-01 5.560636e+00) (0.000000e+00 0.000000e+00 0.000000e+00))
0.188292     	((3.550276e+02 2.253952e+03 -5.462815e-18) (-3.224160e-01 1.497960e+00 9.559993e-20) (0.000000e+00 0.000000e+00 0.000000e+00)) ((-9.015810e+02 1.420111e+02 7.036898e+03) (-5.991841e-01 -1.289664e-01 5.574203e+00) (0.000000e+00 0.000000e+00 0.000000e+00))
0.189004     	((4.153913e+02 1.915460e+03 4.881959e-19) (-3.183979e-01 1.502001e+00 6.744286e-20) (0.000000e+00 0.000000e+00 0.000000e+00)) ((-7.661840e+02 1.661565e+02 6.181841e+03) (-6.008002e-01 -1.273592e-01 5.588017e+00) (0.000000e+00 0.000000e+00 0.000000e+00))
0.189715     	((3.875789e+02 2.218162e+03 -1.573877e-18) (-3.144314e-01 1.505496e+00 7.563588e-20) (0.000000e+00 0.000000e+00 0.000000e+00)) ((-8.872647e+02 1.550315e+02 6.915006e+03) (-6.021985e-01 -1.257726e-01 5.601720e+00) (0.000000e+00 0.000000e+00 0.000000e+00))
0.190437     	((3.964257e+02 2.204664e+03 -1.734231e-18) (-3.099822e-01 1.510066e+00 7.889099e-20) (0.000000e+00 0.000000e+00 0.000000e+00)) ((-8.818657e+02 1.585703e+02 6.916597e+03) (-6.040263e-01 -1.239929e-01 5.615254e+00) (0.000000e+00 0.000000e+00 0.000000e+00))
0.19115      	((4.042484e+02 2.012608e+03 -1.985628e-18) (-3.071992e-01 1.513759e+00 7.992959e-20) (0.000000e+00 0.000000e+00 0.000000e+00)) ((-8.050431e+02 1.616994e+02 6.444288e+03) (-6.055038e-01 -1.228797e-01 5.631738e+00) (0.000000e+00 0.000000e+00 0.000000e+00))
0.191868     	((3.937330e+02 2.029523e+03 -2.007353e-18) (-3.025933e-01 1.516825e+00 7.831998e-20) (0.000000e+00 0.000000e+00 0.000000e+00)) ((-8.118091e+02 1.574932e+02 6.449094e+03) (-6.067299e-01 -1.210373e-01 5.643669e+00) (0.000000e+00 0.000000e+00 0.000000e+00))
0.19258      	((3.859159e+02 2.139930e+03 -2.215959e-18) (-2.994418e-01 1.521462e+00 7.844449e-20) (0.000000e+00 0.000000e+00 0.000000e+00)) ((-8.559722e+02 1.543664e+02 6.748029e+03) (-6.085846e-01 -1.197767e-01 5.660383e+00) (0.000000e+00 0.000000e+00 0.000000e+00))
0.193291     	((4.053478e+02 2.144558e+03 -2.551446e-18) (-2.961792e-01 1.525561e+00 7.850972e-20) (0.000000e+00 0.000000e+00 0.000000e+00)) ((-8.578232e+02 1.621391e+02 6.742397e+03) (-6.102244e-01 -1.184717e-01 5.675674e+00) (0.000000e+00 0.000000e+00 0.000000e+00))
0.194003     	((4.041348e+02 2.119557e+03 -2.257529e-18) (-2.931488e-01 1.529241e+00 7.791115e-20) (0.000000e+00 0.000000e+00 0.000000e+00)) ((-8.478230e+02 1.616539e+02 6.683608e+03) (-6.116965e-01 -1.172595e-01 5.691004e+00) (0.000000e+00 0.000000e+00 0.000000e+00))
0.194715     	((4.225806e+02 1.986509e+03 -4.568079e-19) (-2.866815e-01 1.532860e+00 6.904075e-20) (0.000000e+00 0.000000e+00 0.000000e+00)) ((-7.946036e+02 1.690322e+02 6.364940e+03) (-6.131439e-01 -1.146726e-01 5.701892e+00) (0.000000e+00 0.000000e+00 0.000000e+00))
0.195433     	((4.094643e+02 2.154652e+03 -1.533614e-18) (-2.847291e-01 1.537408e+00 7.193386e-20) (0.000000e+00 0.000000e+00 0.000000e+00)) ((-8.618609e+02 1.637857e+02 6.789345e+03) (-6.149633e-01 -1.138916e-01 5.721150e+00) (0.000000e+00 0.000000e+00 0.000000e+00))
0.19616      	((4.640686e+02 2.180283e+03 2.545663e-19) (-2.820924e-01 1.541431e+00 6.504213e-20) (0.000000e+00 0.000000e+00 0.000000e+00)) ((-8.721130e+02 1.856274e+02 6.850344e+03) (-6.165724e-01 -1.128370e-01 5.737190e+00) (0.000000e+00 0.000000e+00 0.000000e+00))
0.196876     	((3.576998e+02 2.118746e+03 -3.009701e-18) (-2.793863e-01 1.545553e+00 7.913836e-20) (0.000000e+00 0.000000e+00 0.000000e+00)) ((-8.474982e+02 1.430799e+02 6.673770e+03) (-6.182213e-01 -1.117545e-01 5.755078e+00) (0.000000e+00 0.000000e+00 0.000000e+00))
0.1976       	((4.163354e+02 2.064543e+03 -3.912373e-18) (-2.762906e-01 1.549375e+00 8.689376e-20) (0.000000e+00 0.000000e+00 0.000000e+00)) ((-8.258171e+02 1.665342e+02 6.578072e+03) (-6.197501e-01 -1.105162e-01 5.769995e+00) (0.000000e+00 0.000000e+00 0.000000e+00))
0.198306     	((4.232463e+02 2.079563e+03 -4.124832e-18) (-2.740231e-01 1.553270e+00 8.365642e-20) (0.000000e+00 0.000000e+00 0.000000e+00)) ((-8.318252e+02 1.692985e+02 6.604451e+03) (-6.213079e-01 -1.096092e-01 5.788075e+00) (0.000000e+00 0.000000e+00 0.000000e+00))
0.199012     	((4.461084e+02 2.124773e+03 -3.409895e-18) (-2.717290e-01 1.557386e+00 7.804076e-20) (0.000000e+00 0.000000e+00 0.000000e+00)) ((-8.499093e+02 1.784434e+02 6.689655e+03) (-6.229545e-01 -1.086916e-01 5.804684e+00) (0.000000e+00 0.000000e+00 0.000000e+00))
0.199718     	((4.459317e+02 2.104372e+03 -3.373520e-18) (-2.680373e-01 1.561348e+00 7.826811e-20) (0.000000e+00 0.000000e+00 0.000000e+00)) ((-8.417488e+02 1.783727e+02 6.656640e+03) (-6.245394e-01 -1.072149e-01 5.820810e+00) (0.000000e+00 0.000000e+00 0.000000e+00))
0.2          	((4.232921e+02 2.086433e+03 -3.374296e-18) (-2.661035e-01 1.562772e+00 7.710591e-20) (0.000000e+00 0.000000e+00 0.000000e+00)) ((-8.345733e+02 1.693168e+02 6.582358e+03) (-6.251089e-01 -1.064414e-01 5.825809e+00) (0.000000e+00 0.000000e+00 0.000000e+00))
